Loading files into QGIS/HighPlains.asc
NCOLS          140       
NROWS          111       
XLLCENTER      -101.60   
YLLCENTER      36.90     
DX             0.01      
DY             0.01      
NODATA_VALUE   -999.00   
[rows 0 to 28 of 111, columns 0 to 66 of 140]
3207.98 3205.08 3201.82 3198.16 3194.11 3189.70 3184.91 3179.69 3174.23 3168.60 3162.79 3156.86 3150.83 3144.72 3138.54 3132.31 3126.00 3119.56 3113.02 3106.36 3099.56 3092.64 3085.56 3078.31 3070.87 3063.22 3055.35 3047.26 3038.94 3030.41 3021.64 3012.66 3003.48 2994.18 2985.11 2977.17 2971.27 2966.72 2962.53 2958.19 2953.19 2946.70 2938.42 2929.53 2921.34 2914.22 2907.34 2898.21 2885.89 2872.00 2858.00 2844.81 2832.92 2822.53 2813.56 2805.70 2798.68 2792.51 2787.33 2783.10 2776.54 2770.99 2766.39 2762.36 2758.22 2753.45 2748.32
3209.41 3206.49 3203.16 3199.40 3195.23 3190.65 3185.59 3180.22 3174.62 3168.83 3162.89 3156.83 3150.67 3144.44 3138.17 3131.84 3125.41 3118.86 3112.21 3105.44 3098.54 3091.50 3084.27 3076.88 3069.27 3061.46 3053.44 3045.24 3036.87 3028.36 3019.75 3011.08 3002.40 2993.85 2985.67 2978.26 2971.91 2966.51 2961.80 2957.56 2953.37 2947.53 2937.96 2928.13 2920.51 2915.20 2912.50 2905.26 2891.33 2876.02 2860.87 2846.57 2833.61 2822.40 2813.05 2805.15 2798.31 2792.39 2787.35 2782.72 2777.75 2773.52 2770.67 2769.21 2768.12 2764.52 2757.68
3210.62 3207.68 3204.28 3200.44 3196.13 3191.31 3186.06 3180.55 3174.80 3168.85 3162.73 3156.51 3150.21 3143.87 3137.48 3131.01 3124.44 3117.80 3111.05 3104.20 3097.20 3090.05 3082.72 3075.18 3067.42 3059.45 3051.28 3042.96 3034.53 3026.04 3017.56 3009.18 3000.99 2993.06 2985.47 2978.22 2971.36 2965.02 2959.41 2954.70 2951.04 2948.01 2933.73 2922.57 2915.81 2911.16 2908.36 2908.52 2892.86 2876.91 2861.04 2845.93 2832.06 2820.18 2810.94 2803.25 2796.52 2790.61 2785.40 2780.70 2776.50 2773.32 2771.86 2772.66 2775.78 2774.40 2763.48
3211.57 3208.64 3205.22 3201.27 3196.75 3191.74 3186.36 3180.67 3174.73 3168.56 3162.27 3155.87 3149.40 3142.92 3136.36 3129.75 3123.07 3116.33 3109.52 3102.59 3095.53 3088.30 3080.87 3073.20 3065.29 3057.15 3048.81 3040.33 3031.78 3023.25 3014.84 3006.66 2998.82 2991.38 2984.26 2977.04 2969.36 2961.67 2954.59 2948.38 2942.87 2936.09 2923.97 2913.81 2907.71 2903.85 2902.97 2899.79 2888.95 2874.13 2858.24 2842.96 2828.74 2816.09 2807.76 2800.30 2793.59 2787.55 2782.11 2777.25 2773.11 2770.10 2768.79 2769.69 2772.68 2771.30 2761.37
3212.28 3209.38 3205.92 3201.84 3197.14 3192.00 3186.45 3180.55 3174.37 3167.98 3161.45 3154.85 3148.21 3141.52 3134.80 3128.03 3121.25 3114.42 3107.55 3100.58 3093.49 3086.21 3078.70 3070.92 3062.86 3054.51 3045.96 3037.26 3028.51 3019.83 3011.34 3003.18 2995.48 2988.36 2981.76 2974.82 2965.76 2956.17 2947.22 2938.95 2930.89 2921.99 2911.86 2902.79 2896.37 2892.42 2890.35 2888.10 2882.08 2867.63 2852.21 2837.74 2824.55 2813.20 2804.21 2796.61 2789.78 2783.54 2777.78 2772.51 2767.85 2764.10 2761.62 2760.54 2760.01 2757.32 2751.71
3212.73 3209.88 3206.38 3202.17 3197.38 3192.07 3186.30 3180.14 3173.68 3167.01 3160.23 3153.38 3146.51 3139.61 3132.68 3125.78 3118.89 3112.01 3105.11 3098.14 3091.04 3083.76 3076.21 3068.32 3060.08 3051.52 3042.67 3033.67 3024.61 3015.65 3006.91 2998.52 2990.63 2983.39 2976.90 2971.18 2959.53 2948.18 2937.55 2927.43 2917.47 2907.34 2897.30 2888.42 2881.59 2876.97 2874.09 2872.00 2867.77 2855.76 2842.61 2830.14 2818.67 2808.53 2799.82 2792.21 2785.30 2778.85 2772.71 2766.84 2761.27 2756.16 2751.75 2748.23 2745.31 2742.22 2738.71
3212.89 3210.12 3206.58 3202.35 3197.45 3191.93 3185.88 3179.41 3172.62 3165.62 3158.53 3151.40 3144.24 3137.09 3129.98 3122.92 3115.95 3109.03 3102.12 3095.19 3088.16 3080.91 3073.37 3065.41 3056.99 3048.13 3038.92 3029.51 3020.02 3010.63 3001.45 2992.60 2984.17 2976.18 2968.48 2960.07 2949.40 2937.71 2926.06 2914.59 2903.17 2891.83 2881.02 2871.55 2864.08 2858.60 2854.63 2851.37 2846.92 2839.47 2830.18 2820.50 2811.11 2802.37 2794.42 2787.14 2780.33 2773.78 2767.32 2760.82 2754.20 2747.46 2740.80 2734.74 2729.98 2726.70 2724.50
3212.72 3210.06 3206.62 3202.38 3197.35 3191.57 3185.18 3178.29 3171.10 3163.71 3156.27 3148.79 3141.31 3133.91 3126.59 3119.40 3112.35 3105.39 3098.52 3091.66 3084.75 3077.63 3070.16 3062.17 3053.56 3044.35 3034.68 3024.73 3014.71 3004.75 2994.98 2985.49 2976.28 2967.28 2958.19 2948.43 2937.51 2925.70 2913.48 2901.05 2888.46 2875.84 2863.71 2853.15 2845.04 2838.86 2833.76 2829.88 2826.83 2822.61 2816.73 2809.81 2802.52 2795.28 2788.30 2781.61 2775.12 2768.66 2762.07 2755.13 2747.62 2739.36 2730.32 2721.32 2714.63 2711.57 2710.47
3212.16 3209.73 3206.49 3202.27 3197.06 3190.93 3184.08 3176.71 3169.02 3161.21 3153.33 3145.45 3137.65 3129.98 3122.46 3115.13 3107.99 3101.02 3094.19 3087.46 3080.73 3073.84 3066.57 3058.63 3049.81 3040.15 3029.88 3019.30 3008.62 2998.03 2987.60 2977.38 2967.34 2957.37 2947.23 2936.58 2925.21 2913.15 2900.55 2887.52 2874.07 2860.25 2846.40 2834.12 2826.06 2820.05 2813.74 2808.91 2808.71 2807.22 2803.86 2799.16 2793.68 2787.83 2781.88 2775.92 2769.92 2763.79 2757.36 2750.38 2742.53 2733.40 2722.49 2709.80 2700.14 2698.86 2698.71
3211.12 3209.15 3206.19 3202.02 3196.57 3189.98 3182.53 3174.56 3166.31 3157.94 3149.59 3141.30 3133.15 3125.21 3117.50 3110.02 3102.78 3095.80 3089.03 3082.44 3075.96 3069.42 3062.52 3054.79 3045.76 3035.48 3024.45 3013.11 3001.75 2990.49 2979.38 2968.46 2957.66 2946.88 2935.95 2924.68 2912.94 2900.67 2887.90 2874.63 2860.82 2846.40 2831.28 2815.50 2810.02 2805.18 2799.22 2794.68 2795.06 2794.61 2792.61 2789.34 2785.20 2780.51 2775.51 2770.32 2764.96 2759.38 2753.45 2746.96 2739.60 2730.92 2720.25 2706.90 2695.38 2693.34 2691.87
3209.58 3208.22 3205.73 3201.64 3195.83 3188.57 3180.36 3171.64 3162.74 3153.79 3144.92 3136.22 3127.75 3119.54 3111.62 3104.00 3096.68 3089.65 3082.92 3076.45 3070.21 3064.08 3057.81 3050.64 3041.38 3030.15 3018.16 3006.05 2994.02 2982.14 2970.44 2958.89 2947.46 2936.04 2924.55 2912.87 2900.90 2888.58 2875.89 2862.79 2849.25 2835.30 2821.19 2808.58 2800.87 2795.57 2790.79 2787.42 2786.01 2784.98 2783.29 2780.74 2777.45 2773.63 2769.44 2764.99 2760.34 2755.48 2750.36 2744.86 2738.81 2732.00 2724.19 2715.57 2707.51 2698.86 2691.82
3207.26 3206.78 3205.02 3201.13 3194.75 3186.50 3177.30 3167.72 3158.10 3148.56 3139.21 3130.14 3121.37 3112.91 3104.79 3097.01 3089.57 3082.48 3075.73 3069.30 3063.20 3057.39 3051.80 3045.99 3036.35 3023.56 3010.66 2997.92 2985.38 2973.03 2960.85 2948.81 2936.87 2924.99 2913.11 2901.19 2889.18 2877.02 2864.66 2852.08 2839.32 2826.52 2814.22 2803.51 2795.41 2789.45 2784.83 2781.47 2779.25 2777.53 2775.67 2773.36 2770.55 2767.32 2763.77 2759.99 2756.06 2752.00 2747.85 2743.62 2739.35 2735.14 2731.25 2728.08 2725.40 2719.79 2707.80
3203.71 3204.35 3203.91 3200.49 3193.06 3183.33 3172.91 3162.46 3152.15 3142.10 3132.35 3122.95 3113.93 3105.25 3096.95 3089.02 3081.45 3074.25 3067.40 3060.89 3054.72 3048.83 3043.19 3037.38 3027.61 3014.62 3001.53 2988.60 2975.83 2963.21 2950.72 2938.33 2926.03 2913.80 2901.69 2889.68 2877.79 2865.97 2854.18 2842.38 2830.62 2819.12 2808.30 2798.77 2790.97 2784.85 2780.09 2776.47 2773.73 2771.49 2769.34 2767.03 2764.45 2761.60 2758.52 2755.31 2752.01 2748.72 2745.52 2742.55 2740.00 2738.22 2737.77 2739.45 2743.91 2748.39 2730.04
3198.22 3199.94 3201.55 3199.67 3189.70 3178.09 3166.62 3155.46 3144.67 3134.26 3124.23 3114.61 3105.39 3096.55 3088.09 3080.02 3072.32 3064.97 3057.96 3051.24 3044.77 3038.42 3031.95 3024.56 3014.98 3003.33 2990.85 2978.17 2965.47 2952.79 2940.16 2927.57 2915.03 2902.58 2890.32 2878.33 2866.69 2855.40 2844.36 2833.47 2822.80 2812.49 2802.86 2794.24 2786.89 2780.86 2775.99 2772.11 2768.99 2766.35 2763.93 2761.53 2759.02 2756.38 2753.64 2750.84 2748.06 2745.40 2742.98 2740.98 2739.67 2739.44 2740.87 2744.71 2751.64 2760.17 2740.29
3190.11 3191.88 3193.90 3192.91 3181.61 3169.54 3157.80 3146.45 3135.50 3124.96 3114.81 3105.09 3095.76 3086.81 3078.26 3070.05 3062.23 3054.71 3047.48 3040.49 3033.63 3026.72 3019.47 3011.33 3001.80 2990.92 2979.16 2966.94 2954.51 2941.97 2929.37 2916.70 2904.03 2891.42 2879.03 2867.11 2855.86 2845.26 2835.12 2825.24 2815.62 2806.37 2797.71 2789.86 2782.99 2777.13 2772.24 2768.18 2764.78 2761.84 2759.18 2756.64 2754.11 2751.57 2749.02 2746.50 2744.08 2741.85 2739.93 2738.49 2737.76 2738.00 2739.51 2742.34 2745.50 2744.37 2730.58
3179.26 3179.85 3179.55 3176.09 3167.93 3157.45 3146.42 3135.42 3124.66 3114.21 3104.13 3094.42 3085.07 3076.09 3067.47 3059.19 3051.24 3043.56 3036.12 3028.86 3021.63 3014.26 3006.50 2998.01 2988.57 2978.15 2966.96 2955.26 2943.21 2930.95 2918.51 2905.93 2893.24 2880.50 2867.94 2856.00 2845.25 2835.60 2826.48 2817.63 2808.99 2800.68 2792.84 2785.64 2779.19 2773.55 2768.69 2764.53 2760.94 2757.77 2754.90 2752.20 2749.60 2747.06 2744.59 2742.21 2739.97 2737.96 2736.25 2734.96 2734.21 2734.09 2734.56 2735.16 2734.52 2729.95 2719.19
3166.30 3165.43 3163.37 3159.06 3152.01 3142.98 3132.95 3122.62 3112.32 3102.17 3092.27 3082.67 3073.41 3064.45 3055.82 3047.50 3039.46 3031.66 3024.06 3016.56 3009.05 3001.37 2993.32 2984.71 2975.39 2965.33 2954.63 2943.42 2931.83 2919.94 2907.81 2895.45 2882.89 2870.15 2857.34 2845.03 2834.97 2826.63 2818.63 2810.72 2802.95 2795.41 2788.24 2781.58 2775.52 2770.10 2765.30 2761.09 2757.36 2754.02 2750.97 2748.12 2745.40 2742.79 2740.29 2737.92 2735.72 2733.73 2731.99 2730.52 2729.37 2728.45 2727.53 2726.08 2723.09 2717.30 2708.19
3151.99 3149.91 3146.74 3141.97 3135.37 3127.23 3118.11 3108.50 3098.73 3088.98 3079.38 3070.00 3060.86 3052.00 3043.41 3035.09 3027.01 3019.14 3011.41 3003.76 2996.08 2988.24 2980.08 2971.48 2962.33 2952.61 2942.36 2931.65 2920.55 2909.14 2897.44 2885.48 2873.26 2860.80 2848.10 2835.19 2826.12 2819.02 2811.83 2804.63 2797.50 2790.57 2783.94 2777.72 2771.98 2766.76 2762.05 2757.82 2754.01 2750.53 2747.32 2744.30 2741.43 2738.69 2736.08 2733.63 2731.34 2729.24 2727.29 2725.47 2723.72 2721.88 2719.68 2716.66 2712.22 2705.84 2697.56
3136.93 3133.88 3129.95 3124.85 3118.42 3110.83 3102.38 3093.41 3084.19 3074.90 3065.65 3056.53 3047.60 3038.87 3030.37 3022.09 3014.02 3006.11 2998.35 2990.63 2982.88 2974.99 2966.86 2958.36 2949.44 2940.08 2930.27 2920.08 2909.53 2898.66 2887.52 2876.12 2864.50 2852.72 2840.94 2829.77 2820.65 2813.20 2806.21 2799.37 2792.67 2786.18 2779.95 2774.07 2768.59 2763.54 2758.92 2754.71 2750.84 2747.27 2743.92 2740.74 2737.68 2734.76 2731.97 2729.35 2726.90 2724.60 2722.38 2720.13 2717.74 2715.03 2711.76 2707.59 2702.17 2695.33 2687.29
3121.40 3117.58 3113.09 3107.70 3101.34 3094.08 3086.14 3077.70 3068.98 3060.12 3051.26 3042.44 3033.73 3025.19 3016.80 3008.61 3000.58 2992.71 2984.95 2977.27 2969.55 2961.73 2953.71 2945.41 2936.78 2927.79 2918.46 2908.80 2898.84 2888.60 2878.10 2867.39 2856.53 2845.65 2834.99 2825.01 2816.22 2808.54 2801.52 2794.84 2788.40 2782.19 2776.26 2770.63 2765.37 2760.47 2755.94 2751.76 2747.86 2744.22 2740.75 2737.41 2734.16 2731.01 2727.98 2725.13 2722.50 2719.99 2717.47 2714.80 2711.82 2708.37 2704.25 2699.23 2693.10 2685.82 2677.59
3105.62 3101.17 3096.20 3090.54 3084.18 3077.16 3069.59 3061.61 3053.34 3044.90 3036.41 3027.90 3019.45 3011.09 3002.87 2994.78 2986.86 2979.06 2971.38 2963.78 2956.19 2948.53 2940.72 2932.69 2924.39 2915.80 2906.96 2897.87 2888.55 2878.98 2869.19 2859.23 2849.19 2839.21 2829.51 2820.36 2812.01 2804.43 2797.44 2790.86 2784.59 2778.57 2772.84 2767.41 2762.30 2757.54 2753.09 2748.95 2745.08 2741.39 2737.84 2734.37 2730.93 2727.50 2724.16 2721.03 2718.22 2715.55 2712.79 2709.74 2706.25 2702.19 2697.42 2691.79 2685.18 2677.57 2669.05
3089.71 3084.71 3079.30 3073.43 3067.04 3060.19 3052.91 3045.30 3037.45 3029.40 3021.26 3013.06 3004.89 2996.74 2988.67 2980.73 2972.91 2965.24 2957.70 2950.26 2942.87 2935.46 2927.93 2920.24 2912.32 2904.16 2895.81 2887.35 2878.70 2869.82 2860.76 2851.57 2842.33 2833.18 2824.29 2815.82 2807.91 2800.57 2793.72 2787.26 2781.12 2775.24 2769.65 2764.36 2759.38 2754.73 2750.38 2746.31 2742.48 2738.81 2735.23 2731.67 2728.06 2724.37 2720.61 2717.10 2714.21 2711.51 2708.56 2705.17 2701.24 2696.68 2691.42 2685.37 2678.51 2670.85 2662.53
3073.76 3068.23 3062.45 3056.37 3049.96 3043.24 3036.22 3028.95 3021.46 3013.80 3006.00 2998.13 2990.20 2982.27 2974.38 2966.57 2958.88 2951.36 2943.99 2936.79 2929.67 2922.58 2915.42 2908.14 2900.66 2892.94 2885.06 2877.29 2869.33 2861.15 2852.80 2844.34 2835.86 2827.46 2819.27 2811.40 2803.93 2796.89 2790.24 2783.94 2777.90 2772.13 2766.64 2761.45 2756.57 2752.03 2747.79 2743.83 2740.08 2736.48 2732.94 2729.38 2725.71 2721.83 2717.68 2713.41 2710.83 2708.18 2705.01 2701.27 2696.92 2691.93 2686.28 2679.97 2673.02 2665.55 2657.82
3057.81 3051.80 3045.67 3039.40 3032.98 3026.40 3019.63 3012.67 3005.55 2998.25 2990.81 2983.24 2975.57 2967.85 2960.12 2952.44 2944.88 2937.51 2930.36 2923.42 2916.66 2909.98 2903.28 2896.47 2889.51 2882.34 2875.05 2867.85 2860.51 2852.98 2845.30 2837.53 2829.73 2822.00 2814.43 2807.11 2800.08 2793.36 2786.96 2780.81 2774.89 2769.20 2763.77 2758.64 2753.85 2749.42 2745.31 2741.48 2737.88 2734.41 2731.00 2727.54 2723.94 2720.13 2716.05 2712.02 2708.92 2705.85 2702.28 2698.12 2693.34 2687.94 2681.96 2675.44 2668.48 2661.24 2654.01
3041.91 3035.42 3028.98 3022.56 3016.15 3009.72 3003.22 2996.59 2989.85 2982.92 2975.82 2968.56 2961.15 2953.63 2946.04 2938.47 2931.01 2923.76 2916.84 2910.25 2903.91 2897.72 2891.55 2885.30 2878.91 2872.37 2865.73 2859.03 2852.23 2845.30 2838.24 2831.10 2823.94 2816.81 2809.81 2802.97 2796.35 2789.98 2783.84 2777.88 2772.07 2766.40 2760.98 2755.87 2751.16 2746.85 2742.89 2739.25 2735.85 2732.59 2729.38 2726.13 2722.76 2719.19 2715.45 2711.72 2708.15 2704.48 2700.39 2695.73 2690.48 2684.66 2678.35 2671.63 2664.62 2657.52 2650.58
3026.13 3019.17 3012.42 3005.90 2999.52 2993.28 2987.09 2980.86 2974.49 2967.95 2961.22 2954.27 2947.11 2939.77 2932.32 2924.81 2917.38 2910.24 2903.54 2897.32 2891.53 2885.92 2880.34 2874.68 2868.89 2862.95 2856.90 2850.74 2844.49 2838.11 2831.62 2825.07 2818.48 2811.90 2805.40 2799.01 2792.78 2786.73 2780.87 2775.13 2769.41 2763.71 2758.22 2753.10 2748.45 2744.27 2740.52 2737.11 2733.96 2730.96 2728.04 2725.09 2722.04 2718.79 2715.36 2711.75 2707.95 2703.82 2699.20 2694.01 2688.24 2681.97 2675.29 2668.32 2661.21 2654.13 2647.28
3010.53 3003.11 2996.06 2989.41 2983.15 2977.19 2971.36 2965.55 2959.63 2953.52 2947.16 2940.53 2933.64 2926.50 2919.14 2911.65 2904.18 2897.01 2890.49 2884.78 2879.62 2874.68 2869.74 2864.68 2859.46 2854.10 2848.59 2842.97 2837.24 2831.39 2825.45 2819.43 2813.36 2807.28 2801.23 2795.24 2789.36 2783.61 2778.01 2772.55 2766.93 2761.03 2755.40 2750.25 2745.66 2741.66 2738.14 2735.02 2732.17 2729.50 2726.91 2724.32 2721.64 2718.77 2715.63 2712.15 2708.21 2703.72 2698.60 2692.85 2686.52 2679.74 2672.63 2665.35 2658.04 2650.87 2644.00
2995.20 2987.24 2979.88 2973.17 2967.11 2961.52 2956.17 2950.85 2945.43 2939.77 2933.82 2927.54 2920.92 2913.99 2906.76 2899.28 2891.66 2884.25 2877.77 2872.75 2868.45 2864.24 2859.92 2855.41 2850.72 2845.86 2840.86 2835.74 2830.51 2825.17 2819.73 2814.21 2808.62 2802.98 2797.33 2791.70 2786.10 2780.59 2775.17 2769.86 2764.33 2758.22 2752.46 2747.25 2742.74 2738.96 2735.76 2732.96 2730.46 2728.14 2725.92 2723.73 2721.46 2719.00 2716.20 2712.89 2708.90 2704.11 2698.49 2692.13 2685.17 2677.80 2670.20 2662.53 2654.95 2647.61 2640.64
2980.28 2971.69 2963.95 2957.23 2951.48 2946.41 2941.66 2936.95 2932.07 2926.90 2921.36 2915.44 2909.14 2902.45 2895.40 2888.00 2880.31 2872.42 2865.46 2861.79 2858.44 2854.86 2851.03 2846.98 2842.72 2838.29 2833.74 2829.08 2824.31 2819.45 2814.48 2809.42 2804.26 2799.03 2793.74 2788.41 2783.06 2777.70 2772.33 2766.89 2761.21 2755.26 2749.42 2744.08 2739.66 2736.21 2733.40 2730.97 2728.80 2726.82 2724.98 2723.20 2721.38 2719.39 2717.00 2713.98 2710.04 2704.97 2698.79 2691.72 2684.03 2675.98 2667.81 2659.70 2651.79 2644.22 2637.11
