Loading files into QGIS/HighPlainsVar.asc
NCOLS          140       
NROWS          111       
XLLCENTER      -101.60   
YLLCENTER      36.90     
DX             0.01      
DY             0.01      
NODATA_VALUE   -999.00   
[rows 58 to 86 of 111, columns 67 to 133 of 140]
4203.06 4429.07 4612.54 4724.31 4744.15 4656.80 4448.70 4105.14 3610.71 2956.40 2169.50 1459.23 1479.79 2074.02 2584.50 2855.99 2907.92 2820.23 2692.39 2599.97 2585.57 2676.28 2869.50 3130.19 3429.12 3756.54 4100.44 4436.27 4736.11 4982.49 5172.85 5319.43 5442.83 5564.88 5699.88 5849.22 6002.13 6139.75 6242.30 6292.43 6277.68 6189.94 6024.52 5779.18 5454.88 5059.41 4610.21 4137.46 3678.96 3261.71 2891.08 2574.20 2381.48 2420.55 2667.05 2969.36 3219.20 3381.90 3452.57 3425.72 3277.52 2966.58 2447.04 1708.61 967.42 910.91 845.77
3909.55 4229.60 4490.65 4664.14 4735.09 4693.50 4532.92 4248.90 3844.07 3338.71 2803.21 2405.50 2343.91 2549.81 2758.05 2809.77 2689.54 2492.15 2379.07 2433.61 2585.19 2742.32 2873.33 2995.53 3159.77 3412.10 3745.00 4101.61 4421.10 4667.93 4835.50 4942.61 5022.83 5112.11 5235.72 5395.92 5574.44 5742.41 5871.25 5939.99 5936.26 5853.20 5687.24 5435.29 5095.89 4673.95 4188.41 3686.04 3243.69 2937.42 2779.42 2720.27 2725.56 2793.42 2906.69 3019.48 3099.05 3140.78 3150.45 3131.22 3063.66 2897.59 2587.01 2149.29 1701.10 1259.66 501.33
3507.59 3945.94 4294.30 4536.03 4664.60 4678.61 4579.91 4375.29 4080.59 3728.31 3378.98 3119.74 3009.30 2998.85 2955.31 2763.97 2390.00 1937.10 1738.60 1994.89 2366.65 2605.37 2672.97 2640.15 2657.25 2868.07 3256.31 3688.20 4053.73 4303.09 4434.36 4478.87 4490.76 4532.56 4646.87 4835.55 5063.14 5280.86 5448.85 5543.15 5553.01 5476.96 5314.52 5062.36 4713.29 4261.27 3714.84 3122.21 2611.73 2372.88 2443.31 2642.38 2818.39 2919.80 2940.05 2889.04 2801.48 2720.49 2672.08 2682.99 2748.83 2784.64 2706.83 2503.14 2210.46 1847.67 1540.23
3072.41 3624.29 4048.98 4351.77 4535.48 4604.33 4567.15 4440.22 4246.98 4019.00 3795.68 3613.78 3481.77 3354.97 3146.62 2764.64 2141.45 1274.73 725.66 1477.53 2123.67 2414.54 2374.86 2106.17 1889.36 2116.31 2685.20 3260.34 3689.24 3933.47 4004.34 3949.29 3851.46 3817.60 3927.09 4174.68 4485.54 4776.54 4993.63 5113.36 5133.63 5062.50 4908.14 4668.54 4329.14 3865.98 3259.07 2519.52 1780.79 1518.93 1931.92 2438.64 2773.05 2895.07 2818.17 2586.44 2300.88 2092.79 1976.83 2018.92 2293.21 2584.55 2729.49 2706.50 2559.47 2361.66 2245.78
2707.70 3304.91 3770.76 4118.67 4347.81 4461.11 4473.11 4408.13 4295.30 4163.32 4034.33 3916.81 3796.36 3630.25 3354.95 2901.90 2216.24 1293.19 697.97 1474.04 2107.50 2337.25 2152.49 1575.46 845.64 1275.87 2206.77 2937.03 3405.84 3616.47 3593.96 3391.88 3118.00 2955.08 3070.91 3436.45 3879.79 4265.63 4532.41 4666.39 4682.22 4605.95 4461.19 4253.35 3960.98 3540.69 2941.72 2116.61 1034.98 461.01 1547.88 2311.89 2733.46 2838.35 2647.85 2195.06 1608.53 1276.64 1109.20 1104.04 1777.59 2355.57 2672.82 2763.81 2704.97 2600.80 2566.50
2444.61 2980.82 3454.96 3838.54 4103.18 4245.00 4282.92 4253.67 4196.37 4140.53 4096.45 4053.12 3982.07 3842.36 3589.59 3189.31 2645.69 2072.82 1815.11 2057.44 2382.23 2465.85 2197.35 1545.17 665.06 1160.36 2131.30 2846.94 3271.91 3408.10 3267.76 2881.62 2342.20 1929.92 2090.01 2692.87 3321.62 3804.06 4100.10 4219.96 4200.21 4094.12 3953.69 3800.18 3606.46 3310.44 2848.42 2185.67 1399.22 1131.64 1799.06 2449.80 2814.55 2858.22 2574.29 1951.29 972.87 398.48 665.82 562.12 1558.42 2226.31 2585.14 2690.18 2623.24 2514.48 2508.66
2136.38 2579.94 3084.40 3519.06 3814.04 3960.45 3990.09 3960.13 3930.46 3939.98 3987.37 4041.08 4056.90 3994.01 3822.83 3536.55 3170.64 2827.26 2654.27 2691.65 2786.16 2758.62 2519.33 2098.76 1760.50 1948.15 2497.83 3005.36 3305.27 3342.63 3096.49 2557.40 1731.20 772.40 1137.59 2143.36 2931.71 3458.06 3734.97 3793.70 3688.84 3506.90 3349.13 3273.04 3238.45 3148.39 2928.16 2577.46 2225.97 2152.66 2445.17 2817.88 3034.29 3001.71 2692.18 2114.18 1375.05 1045.38 1195.34 1322.46 1751.65 2206.97 2482.54 2514.95 2332.24 2093.33 2073.96
1558.75 2036.43 2680.21 3198.57 3512.12 3627.69 3598.78 3515.30 3479.55 3552.41 3715.37 3898.92 4035.54 4080.39 4014.83 3846.38 3614.25 3387.88 3238.10 3180.71 3156.74 3084.94 2924.42 2715.46 2597.11 2709.14 3002.48 3299.93 3462.22 3414.24 3118.67 2558.99 1742.34 847.80 1157.94 2084.02 2811.43 3272.36 3466.34 3412.94 3162.09 2825.25 2596.79 2627.60 2829.56 3010.19 3067.59 3007.97 2923.91 2938.51 3083.51 3256.35 3330.23 3230.49 2940.07 2500.26 2041.63 1764.19 1662.94 1647.39 1820.38 2129.09 2348.80 2304.93 1938.34 1371.24 1272.94
560.77 1504.67 2379.79 2961.10 3252.15 3285.96 3130.53 2914.02 2821.68 2974.41 3302.95 3658.53 3940.54 4104.80 4142.59 4069.02 3919.96 3744.23 3588.22 3473.40 3389.65 3313.08 3231.17 3164.11 3162.80 3265.49 3442.77 3607.22 3670.72 3573.89 3290.58 2831.25 2273.82 1862.39 1959.01 2438.05 2923.58 3235.02 3307.36 3118.21 2679.20 2076.38 1639.21 1853.19 2412.91 2900.15 3213.92 3377.30 3459.36 3528.48 3607.14 3657.86 3622.38 3461.48 3176.05 2808.77 2432.49 2093.87 1754.03 1432.87 1471.38 1889.07 2211.22 2192.76 1745.26 829.05 532.67
858.19 1600.36 2388.94 2895.66 3093.75 2995.81 2646.28 2176.82 1929.59 2228.71 2817.06 3381.82 3812.65 4085.90 4207.10 4196.17 4085.02 3913.09 3721.85 3548.22 3418.99 3350.25 3341.66 3386.47 3479.28 3610.34 3750.78 3851.23 3861.70 3747.68 3503.07 3159.02 2801.73 2576.47 2605.32 2842.39 3118.29 3285.97 3253.38 2965.96 2389.79 1506.65 449.18 1178.47 2170.61 2897.00 3387.15 3693.23 3872.73 3972.60 4012.33 3981.46 3856.97 3626.40 3302.49 2926.28 2542.75 2142.89 1615.41 807.75 745.52 1650.54 2186.40 2301.51 2024.47 1529.54 1457.45
1956.95 2252.04 2703.93 3016.19 3072.93 2834.73 2290.44 1465.17 770.44 1483.52 2419.66 3164.00 3703.25 4051.29 4224.55 4243.43 4133.16 3925.63 3662.56 3399.15 3204.65 3139.71 3213.23 3378.44 3576.60 3765.72 3915.17 3996.43 3985.06 3866.87 3650.60 3375.12 3114.08 2957.33 2960.78 3095.54 3263.51 3353.76 3279.35 2984.66 2442.10 1673.20 999.34 1460.39 2345.06 3082.88 3623.35 3987.38 4208.93 4315.90 4322.04 4225.72 4018.44 3699.28 3287.10 2831.70 2402.25 2027.49 1604.76 1026.51 1051.50 1832.21 2404.09 2638.78 2591.70 2440.81 2458.08
2787.48 2925.57 3135.44 3256.84 3182.01 2856.15 2255.39 1387.21 609.43 1378.72 2326.48 3085.05 3648.48 4023.49 4217.17 4238.72 4102.40 3828.60 3452.82 3043.26 2724.90 2648.83 2841.50 3169.68 3500.44 3768.04 3948.90 4032.94 4012.83 3888.07 3672.31 3404.72 3155.50 3006.57 3007.08 3130.48 3288.24 3380.41 3335.51 3118.50 2741.91 2300.21 2052.58 2283.12 2840.66 3430.83 3921.15 4277.14 4498.44 4593.50 4565.39 4411.60 4125.15 3703.89 3159.95 2543.40 1988.30 1701.59 1655.16 1668.62 1894.81 2381.64 2846.33 3128.65 3231.63 3253.42 3313.47
3397.62 3475.63 3548.29 3535.75 3369.93 3017.98 2496.30 1914.75 1601.13 1883.72 2493.69 3119.04 3639.71 4007.81 4201.99 4213.98 4042.29 3691.55 3178.02 2552.84 1986.31 1860.90 2278.24 2841.76 3321.10 3664.80 3875.85 3965.42 3939.56 3800.30 3555.42 3236.56 2919.76 2723.75 2741.29 2934.10 3169.31 3330.54 3360.39 3254.69 3055.26 2856.86 2800.55 2988.64 3374.73 3826.74 4238.99 4556.58 4756.57 4830.47 4771.61 4572.29 4222.11 3709.73 3027.99 2186.36 1292.88 1021.83 1561.35 2069.69 2518.63 2975.34 3387.35 3688.56 3870.81 3979.38 4066.84
3838.45 3893.11 3890.22 3792.14 3565.45 3201.93 2743.57 2307.60 2086.45 2215.90 2628.65 3148.86 3632.59 3994.85 4191.02 4198.71 4005.01 3601.33 2980.28 2139.71 1134.05 814.98 1738.11 2552.22 3130.92 3505.19 3718.08 3802.54 3771.91 3619.83 3333.51 2918.17 2441.39 2106.77 2170.44 2542.49 2934.77 3199.25 3308.25 3295.44 3227.64 3187.53 3253.74 3464.33 3794.13 4172.41 4527.66 4809.36 4986.67 5042.67 4964.30 4740.72 4359.05 3805.18 3063.40 2116.94 962.47 585.18 1648.20 2438.35 3039.12 3535.40 3946.60 4263.87 4489.49 4644.65 4754.05
4154.98 4197.03 4148.45 3992.97 3714.44 3314.36 2830.49 2360.04 2074.79 2143.76 2543.77 3082.81 3591.74 3977.01 4192.32 4213.82 4028.69 3627.98 3004.14 2157.04 1143.33 811.80 1704.86 2476.83 3001.55 3317.66 3482.58 3544.60 3518.72 3380.36 3080.61 2575.74 1863.53 1167.60 1364.77 2095.87 2676.97 3018.78 3160.12 3183.54 3187.39 3255.20 3429.05 3706.40 4053.59 4420.19 4755.97 5021.00 5187.88 5237.54 5157.39 4936.87 4566.60 4041.94 3366.16 2578.44 1855.30 1719.16 2286.15 2979.24 3584.65 4089.62 4503.77 4832.91 5082.98 5266.49 5396.47
4379.63 4407.17 4326.65 4128.90 3802.98 3343.41 2761.15 2108.36 1583.61 1636.29 2235.30 2931.06 3527.11 3962.34 4212.77 4267.46 4122.37 3780.52 3258.30 2610.32 2010.33 1835.17 2170.82 2611.33 2927.38 3089.22 3147.57 3170.78 3177.83 3112.44 2882.59 2403.90 1616.43 506.61 935.62 1912.10 2532.50 2841.07 2917.92 2886.71 2896.84 3051.35 3352.41 3742.22 4161.58 4563.67 4914.14 5185.23 5357.43 5416.60 5353.09 5161.53 4840.75 4399.31 3864.80 3312.33 2900.97 2843.46 3167.01 3671.29 4190.20 4658.26 5058.39 5388.25 5651.01 5853.50 6003.49
4529.90 4537.50 4432.42 4206.27 3846.80 3340.44 2669.16 1807.95 765.44 863.67 1931.43 2813.91 3491.24 3971.26 4257.50 4353.19 4265.01 4007.82 3616.71 3163.10 2776.89 2605.17 2659.34 2786.28 2841.28 2780.40 2667.90 2636.20 2731.50 2831.21 2780.94 2495.85 1990.21 1514.49 1645.61 2173.70 2573.44 2706.41 2599.38 2389.19 2325.51 2585.87 3075.04 3628.35 4156.70 4623.62 5010.23 5303.78 5494.88 5576.43 5544.61 5399.92 5149.79 4812.65 4427.91 4065.73 3829.10 3813.96 4031.50 4399.44 4820.10 5231.72 5603.57 5924.15 6191.34 6407.13 6576.25
4607.38 4592.96 4471.07 4232.10 3864.21 3356.95 2700.67 1891.91 1046.38 1121.42 2022.69 2863.00 3530.71 4017.01 4323.21 4454.60 4421.45 4243.63 3957.72 3622.84 3317.27 3104.29 2982.36 2877.02 2693.20 2376.62 1999.89 1878.46 2176.79 2557.57 2766.38 2746.57 2563.59 2398.80 2442.31 2635.00 2752.95 2646.37 2272.96 1721.76 1439.97 1929.50 2714.21 3459.48 4101.37 4634.11 5061.21 5383.08 5599.41 5710.30 5717.65 5627.89 5453.60 5218.44 4960.97 4735.97 4607.53 4625.19 4796.11 5081.54 5426.41 5784.00 6124.39 6431.99 6699.09 6925.27 7112.27
4602.36 4568.85 4440.64 4203.58 3849.16 3379.51 2819.23 2239.36 1828.22 1891.96 2405.59 3047.28 3630.02 4086.26 4394.09 4549.76 4559.25 4439.72 4219.24 3938.41 3642.20 3364.78 3109.76 2843.65 2497.61 1975.39 1217.72 849.34 1648.17 2382.32 2838.43 3044.20 3082.55 3066.82 3078.98 3095.78 3010.72 2714.04 2128.20 1206.78 224.14 1434.79 2492.98 3355.37 4058.31 4628.77 5082.39 5427.66 5669.18 5810.49 5857.68 5821.29 5717.12 5569.65 5412.21 5286.09 5232.28 5279.97 5433.91 5675.31 5971.00 6288.71 6603.82 6899.50 7167.17 7402.62 7606.97
4498.28 4455.51 4333.80 4111.66 3777.39 3341.79 2856.02 2426.13 2205.07 2308.85 2697.85 3215.64 3723.32 4144.63 4446.22 4616.35 4655.90 4573.70 4385.90 4115.49 3787.35 3424.84 3047.34 2669.88 2279.04 1784.45 1050.54 660.74 1623.92 2459.33 3024.05 3355.24 3516.66 3576.51 3577.49 3509.56 3320.75 2948.24 2354.98 1591.58 1145.80 1730.85 2597.06 3386.21 4059.75 4622.17 5080.62 5438.98 5700.07 5868.06 5950.47 5959.94 5913.69 5835.91 5754.85 5701.22 5703.89 5781.21 5936.96 6160.36 6430.95 6725.96 7025.98 7316.02 7586.63 7833.21 8054.65
4276.30 4241.60 4146.36 3952.93 3636.12 3199.70 2698.94 2271.00 2114.39 2314.72 2753.08 3267.16 3752.73 4156.78 4455.14 4637.02 4699.13 4641.54 4468.15 4185.92 3803.51 3334.18 2809.54 2309.42 1954.52 1743.03 1565.45 1631.04 2151.35 2790.31 3313.20 3671.10 3880.80 3974.60 3972.73 3873.21 3653.99 3296.47 2820.10 2339.64 2124.19 2366.97 2897.94 3501.23 4081.13 4602.45 5049.35 5411.84 5686.41 5874.68 5984.15 6028.15 6025.74 5999.28 5974.19 5975.72 6024.22 6132.32 6302.37 6527.60 6793.00 7082.44 7379.30 7671.80 7950.50 8210.76 8450.35
3916.93 3918.50 3881.85 3742.58 3450.67 2984.76 2370.20 1751.91 1549.65 1975.99 2607.01 3199.95 3700.86 4102.07 4402.65 4599.24 4684.54 4650.75 4490.40 4196.06 3760.92 3180.40 2466.49 1719.31 1337.07 1565.27 1906.70 2257.27 2704.23 3197.38 3635.95 3967.63 4181.71 4284.84 4284.26 4179.20 3965.38 3649.91 3273.11 2929.45 2755.80 2837.70 3141.48 3574.86 4059.19 4537.91 4972.78 5338.48 5623.05 5824.33 5950.59 6015.60 6040.26 6048.03 6062.69 6105.99 6194.49 6336.24 6531.75 6774.26 7051.68 7350.41 7657.12 7960.98 8253.90 8531.25 8790.87
3400.50 3483.37 3557.11 3515.37 3283.30 2815.15 2084.97 1095.66 564.47 1571.52 2429.18 3080.36 3580.48 3972.20 4276.59 4494.30 4612.31 4613.11 4479.10 4193.97 3740.46 3099.43 2247.01 1160.85 317.58 1367.76 2115.07 2656.17 3118.80 3544.35 3916.78 4210.62 4411.57 4514.06 4515.90 4414.84 4213.01 3924.93 3587.77 3269.94 3056.01 3015.80 3172.23 3498.27 3930.66 4397.14 4837.89 5214.49 5508.15 5715.70 5845.86 5915.89 5950.28 5974.57 6014.29 6090.59 6216.20 6396.13 6627.62 6901.60 7206.45 7528.96 7857.10 8181.54 8494.65 8792.64 9073.59
2709.44 2950.58 3205.94 3316.20 3198.92 2818.30 2166.69 1314.40 943.97 1672.43 2409.79 2968.89 3398.47 3754.14 4062.64 4314.64 4483.37 4538.50 4455.14 4213.81 3799.85 3202.34 2424.99 1550.33 1134.65 1723.62 2417.87 2965.84 3407.07 3783.37 4106.80 4368.96 4557.24 4659.23 4666.06 4571.72 4376.03 4089.76 3738.63 3369.41 3051.13 2873.17 2919.76 3208.71 3662.27 4169.61 4646.41 5045.18 5347.25 5551.50 5670.58 5727.44 5750.88 5773.63 5825.06 5926.69 6090.56 6316.25 6595.67 6915.51 7262.03 7621.05 7981.02 8333.58 8672.41 8994.37 9298.17
1845.07 2386.77 2896.29 3190.76 3225.03 3003.36 2578.24 2108.66 1922.96 2155.99 2521.82 2841.84 3122.96 3418.59 3742.70 4055.95 4301.93 4435.13 4426.56 4261.77 3937.48 3466.20 2897.62 2373.57 2166.96 2397.20 2816.19 3224.43 3580.76 3895.91 4178.17 4420.64 4605.91 4715.99 4734.15 4649.51 4455.92 4154.66 3755.81 3283.73 2794.40 2413.70 2350.92 2695.27 3272.43 3882.89 4422.86 4850.48 5154.77 5342.06 5431.32 5451.80 5440.70 5440.69 5488.96 5612.46 5819.28 6102.55 6444.90 6826.19 7227.74 7634.57 8035.55 8422.63 8791.10 9139.06 9466.74
993.01 2003.86 2739.62 3181.33 3349.05 3281.38 3050.22 2776.56 2602.53 2569.19 2591.25 2609.94 2686.08 2920.09 3303.41 3725.00 4080.48 4311.30 4392.71 4320.55 4105.46 3776.74 3394.75 3064.50 2907.63 2963.41 3151.50 3380.25 3615.72 3858.90 4109.13 4349.11 4550.21 4682.87 4723.81 4656.69 4470.05 4155.59 3707.38 3121.43 2413.84 1696.55 1451.79 2035.51 2860.32 3610.80 4215.71 4661.28 4952.65 5103.61 5139.25 5095.55 5020.36 4971.29 5001.35 5145.32 5407.08 5765.46 6189.50 6648.21 7118.15 7582.13 8030.23 8455.55 8855.75 9230.62 9580.98
1223.37 2100.13 2824.45 3303.23 3541.87 3573.36 3454.28 3256.26 3040.06 2813.69 2538.15 2213.46 2011.32 2219.01 2766.31 3361.34 3849.59 4181.28 4349.58 4364.81 4249.46 4037.24 3779.11 3540.16 3378.35 3311.42 3315.50 3366.28 3468.28 3641.06 3879.97 4146.93 4389.47 4563.94 4641.55 4604.15 4439.37 4134.51 3673.23 3032.98 2185.35 1097.09 329.96 1585.76 2631.59 3457.95 4080.06 4511.07 4764.44 4856.54 4813.03 4673.29 4496.51 4362.87 4355.15 4524.00 4863.12 5325.18 5854.11 6406.58 6954.51 7481.23 7978.53 8442.96 8873.97 9274.04 9645.35
2034.70 2546.32 3098.24 3520.98 3766.88 3839.78 3767.90 3587.30 3319.07 2950.64 2436.83 1741.82 1053.08 1362.63 2263.63 3059.34 3658.58 4063.23 4292.54 4372.14 4329.56 4196.70 4010.12 3807.03 3613.32 3436.73 3273.62 3140.55 3096.53 3210.53 3479.41 3818.58 4135.89 4371.34 4496.81 4501.23 4377.10 4115.01 3701.68 3121.61 2374.03 1546.31 1211.14 1887.13 2752.24 3489.88 4048.43 4421.11 4610.09 4623.69 4479.27 4212.16 3887.79 3616.94 3541.57 3751.51 4211.97 4816.88 5476.12 6134.43 6764.20 7352.81 7896.55 8396.16 8854.03 9275.11 9663.64
2620.50 2993.18 3414.02 3764.45 3985.32 4060.67 3998.93 3814.28 3512.03 3075.68 2463.21 1616.69 538.76 1021.16 2098.05 2938.41 3552.04 3967.17 4214.38 4323.43 4322.50 4235.79 4085.52 3889.57 3655.04 3377.74 3050.41 2703.81 2469.91 2543.78 2922.01 3399.68 3820.65 4124.41 4298.20 4347.99 4278.64 4089.94 3777.39 3344.55 2831.43 2374.28 2243.12 2567.98 3120.21 3669.15 4107.32 4391.35 4501.63 4429.47 4177.55 3763.70 3243.38 2751.84 2551.64 2848.55 3510.76 4307.39 5112.31 5875.33 6579.07 7219.79 7800.78 8326.74 8803.95 9239.29 9639.28
