Loading files into QGIS/HighPlains.asc
NCOLS          140       
NROWS          111       
XLLCENTER      -101.60   
YLLCENTER      36.90     
DX             0.01      
DY             0.01      
NODATA_VALUE   -999.00   
[rows 58 to 86 of 111, columns 0 to 66 of 140]
2960.21 2947.27 2934.54 2922.62 2913.74 2909.57 2907.45 2905.73 2903.98 2902.19 2900.41 2898.77 2897.19 2895.04 2890.45 2882.21 2872.28 2862.40 2853.26 2845.12 2838.10 2832.20 2827.34 2823.12 2818.59 2813.09 2807.42 2802.54 2798.77 2796.06 2793.90 2791.24 2787.05 2781.61 2775.82 2770.09 2764.37 2758.34 2751.48 2743.34 2733.95 2729.01 2727.44 2724.69 2720.74 2715.83 2710.22 2704.07 2697.51 2690.56 2683.10 2674.73 2665.00 2653.84 2641.78 2629.63 2618.44 2609.64 2604.34 2602.34 2602.40 2603.33 2604.40 2605.02 2604.82 2603.49 2600.98
2970.03 2957.85 2946.19 2935.69 2927.35 2921.59 2917.51 2914.06 2910.71 2907.24 2903.66 2900.00 2896.19 2891.82 2886.15 2878.79 2870.34 2861.65 2853.23 2845.40 2838.27 2831.85 2826.09 2820.79 2815.60 2810.46 2805.74 2801.97 2799.51 2798.42 2798.45 2798.05 2794.18 2788.31 2782.68 2777.65 2773.03 2768.37 2763.14 2756.81 2749.82 2743.93 2739.34 2734.65 2729.43 2723.71 2717.57 2711.11 2704.42 2697.51 2690.30 2682.45 2672.99 2661.78 2650.13 2638.92 2628.95 2621.02 2615.65 2612.78 2611.80 2611.92 2612.48 2612.80 2612.34 2610.62 2607.60
2980.64 2969.33 2958.64 2949.01 2940.82 2934.19 2928.62 2923.49 2918.34 2912.92 2907.18 2901.20 2895.12 2888.93 2882.43 2875.43 2867.98 2860.27 2852.55 2845.02 2837.75 2830.82 2824.24 2818.03 2812.22 2807.06 2802.81 2799.81 2798.24 2798.36 2800.27 2804.01 2798.98 2792.73 2787.89 2784.16 2781.22 2778.68 2775.91 2772.02 2766.39 2759.55 2752.54 2745.65 2738.85 2732.06 2725.22 2718.33 2711.38 2704.40 2697.38 2690.34 2681.45 2669.72 2658.43 2647.96 2638.78 2631.36 2626.01 2622.68 2621.06 2620.67 2620.94 2621.23 2620.70 2618.55 2614.77
2991.72 2981.22 2971.32 2962.26 2954.20 2947.05 2940.41 2933.85 2926.96 2919.50 2911.39 2902.87 2894.38 2886.45 2879.27 2872.56 2865.91 2859.04 2851.91 2844.59 2837.16 2829.71 2822.32 2815.13 2808.52 2803.01 2798.91 2796.22 2795.00 2795.32 2797.10 2798.97 2797.16 2793.62 2790.76 2788.94 2788.10 2788.09 2788.44 2787.67 2783.03 2774.56 2765.18 2756.30 2748.02 2740.23 2732.71 2725.36 2718.07 2710.84 2703.57 2696.04 2687.10 2676.50 2665.97 2656.21 2647.61 2640.57 2635.24 2631.65 2629.63 2628.90 2629.09 2629.68 2629.61 2626.96 2621.99
3002.97 2993.21 2983.99 2975.41 2967.53 2960.17 2952.82 2945.14 2936.78 2927.38 2916.82 2905.44 2894.16 2884.31 2876.68 2870.54 2864.74 2858.62 2851.96 2844.75 2837.11 2829.10 2820.87 2812.58 2804.72 2798.55 2794.43 2791.72 2790.29 2790.11 2790.94 2792.01 2792.27 2791.79 2791.41 2791.67 2792.84 2795.13 2798.63 2802.59 2799.02 2787.08 2775.56 2765.30 2756.12 2747.66 2739.67 2731.93 2724.31 2716.71 2708.99 2700.88 2691.95 2682.30 2672.60 2663.48 2655.37 2648.57 2643.25 2639.45 2637.11 2636.05 2636.07 2636.95 2638.34 2634.83 2628.27
3014.20 3005.12 2996.50 2988.39 2980.74 2973.36 2965.72 2957.46 2948.08 2937.07 2924.15 2909.61 2894.69 2882.36 2874.90 2870.01 2865.22 2859.71 2853.30 2846.07 2838.11 2829.55 2820.50 2811.14 2801.71 2794.63 2790.24 2787.11 2785.20 2784.21 2784.04 2785.06 2786.98 2788.86 2790.57 2792.46 2794.98 2798.46 2803.14 2808.65 2805.87 2793.61 2782.08 2771.79 2762.52 2753.95 2745.80 2737.89 2730.03 2722.13 2714.04 2705.61 2696.74 2687.55 2678.43 2669.80 2662.01 2655.35 2649.97 2645.93 2643.22 2641.71 2641.22 2641.46 2641.53 2638.32 2632.44
3025.26 3016.80 3008.75 3001.12 2993.80 2986.59 2979.10 2970.86 2961.17 2949.17 2934.33 2916.80 2897.37 2880.32 2875.39 2872.34 2868.26 2862.96 2856.48 2848.98 2840.59 2831.46 2821.71 2811.59 2801.65 2793.21 2787.10 2783.19 2780.93 2779.23 2777.61 2778.52 2782.50 2786.10 2789.08 2791.82 2794.72 2798.03 2801.55 2803.78 2801.25 2793.68 2784.57 2775.61 2767.11 2758.98 2751.08 2743.21 2735.26 2727.16 2718.82 2710.22 2701.37 2692.40 2683.57 2675.22 2667.60 2660.95 2655.43 2651.09 2647.94 2645.84 2644.58 2643.72 2642.41 2639.48 2634.88
3036.03 3028.19 3020.70 3013.53 3006.65 2999.86 2992.88 2985.27 2976.17 2964.15 2948.16 2928.82 2907.51 2888.57 2883.08 2879.37 2874.65 2868.76 2861.76 2853.72 2844.77 2835.06 2824.72 2813.96 2803.21 2793.12 2784.91 2780.53 2778.74 2777.20 2775.10 2775.79 2780.66 2784.67 2787.84 2790.47 2792.87 2795.18 2797.12 2797.69 2795.63 2790.78 2784.34 2777.33 2770.17 2762.93 2755.56 2747.96 2740.06 2731.87 2723.36 2714.62 2705.70 2696.80 2688.07 2679.81 2672.20 2665.46 2659.70 2654.99 2651.34 2648.61 2646.59 2644.89 2642.92 2640.19 2636.48
3046.45 3039.16 3032.19 3025.52 3019.11 3012.83 3006.57 3000.02 2992.58 2982.03 2965.20 2945.09 2925.09 2908.63 2898.18 2891.00 2884.30 2877.12 2869.14 2860.32 2850.72 2840.43 2829.58 2818.33 2806.85 2795.31 2783.93 2780.37 2780.01 2779.27 2778.60 2779.52 2782.25 2785.14 2787.44 2789.13 2790.37 2791.29 2791.81 2791.55 2790.00 2786.96 2782.75 2777.75 2772.19 2766.13 2759.51 2752.30 2744.54 2736.28 2727.63 2718.73 2709.69 2700.70 2691.94 2683.62 2675.89 2668.93 2662.86 2657.75 2653.57 2650.25 2647.60 2645.29 2643.00 2640.42 2637.46
3056.46 3049.66 3043.16 3036.94 3030.95 3025.14 3019.44 3013.74 3008.02 3002.17 2982.32 2962.10 2943.33 2927.38 2914.95 2905.07 2896.25 2887.51 2878.34 2868.61 2858.27 2847.44 2836.20 2824.73 2813.17 2801.78 2791.69 2786.89 2785.52 2784.71 2784.32 2784.78 2786.00 2787.34 2788.20 2788.38 2787.95 2787.17 2786.32 2785.49 2784.46 2782.93 2780.68 2777.63 2773.74 2768.95 2763.18 2756.44 2748.80 2740.46 2731.62 2722.48 2713.25 2704.09 2695.18 2686.69 2678.74 2671.49 2665.03 2659.47 2654.78 2650.94 2647.77 2645.03 2642.47 2639.86 2637.05
3065.97 3059.64 3053.54 3047.70 3042.03 3036.50 3031.00 3025.34 3019.03 3010.01 2994.87 2977.16 2959.97 2944.55 2931.31 2919.87 2909.42 2899.27 2888.91 2878.19 2867.12 2855.78 2844.32 2832.88 2821.73 2811.34 2802.73 2797.13 2794.09 2792.42 2791.50 2791.19 2791.18 2791.05 2790.31 2788.67 2786.17 2783.27 2780.79 2779.41 2779.05 2779.03 2778.65 2777.48 2775.27 2771.79 2766.89 2760.54 2752.94 2744.40 2735.27 2725.83 2716.33 2706.93 2697.80 2689.05 2680.82 2673.21 2666.33 2660.26 2655.09 2650.79 2647.22 2644.17 2641.37 2638.57 2635.54
3074.99 3069.05 3063.31 3057.75 3052.31 3046.89 3041.32 3035.25 3027.98 3018.29 3005.34 2990.28 2974.85 2960.18 2946.75 2934.51 2923.02 2911.75 2900.33 2888.65 2876.84 2865.05 2853.43 2842.17 2831.51 2821.90 2813.91 2807.99 2804.02 2801.44 2799.76 2798.61 2797.59 2796.24 2794.03 2790.54 2785.65 2779.99 2775.19 2773.21 2773.89 2775.59 2777.06 2777.70 2777.14 2774.99 2770.91 2764.80 2756.99 2748.05 2738.48 2728.66 2718.84 2709.18 2699.80 2690.80 2682.25 2674.24 2666.88 2660.28 2654.60 2649.90 2646.06 2642.82 2639.83 2636.90 2633.73
3083.52 3077.88 3072.42 3067.09 3061.83 3056.47 3050.81 3044.47 3036.87 3027.38 3015.72 3002.40 2988.38 2974.45 2961.13 2948.53 2936.49 2924.48 2912.09 2899.45 2886.91 2874.71 2863.00 2851.93 2841.69 2832.56 2824.88 2818.81 2814.30 2811.05 2808.70 2806.85 2805.10 2802.92 2799.68 2794.71 2787.47 2778.19 2769.49 2766.91 2769.60 2773.22 2776.27 2778.46 2779.49 2778.76 2775.46 2769.27 2760.87 2751.23 2741.08 2730.84 2720.72 2710.83 2701.23 2691.98 2683.13 2674.73 2666.85 2659.65 2653.40 2648.39 2644.46 2641.15 2638.09 2635.06 2631.86
3091.52 3086.14 3080.90 3075.77 3070.66 3065.42 3059.80 3053.45 3045.98 3036.95 3026.24 3014.08 3000.98 2987.57 2974.33 2961.58 2949.35 2937.07 2923.68 2909.94 2896.73 2884.24 2872.53 2861.66 2851.76 2842.98 2835.46 2829.32 2824.47 2820.77 2817.91 2815.62 2813.49 2811.01 2807.50 2802.00 2793.36 2780.67 2764.59 2762.46 2768.21 2772.80 2776.51 2779.62 2782.05 2783.03 2780.67 2773.80 2764.13 2753.53 2742.78 2732.18 2721.85 2711.81 2702.08 2692.69 2683.62 2674.89 2666.52 2658.62 2651.62 2646.40 2642.66 2639.44 2636.35 2633.24 2630.03
3099.03 3093.83 3088.77 3083.79 3078.86 3073.79 3068.40 3062.33 3055.24 3046.82 3036.86 3025.47 3012.91 2999.65 2986.23 2973.13 2960.70 2949.10 2933.99 2919.31 2905.71 2893.14 2881.57 2870.96 2861.39 2852.89 2845.53 2839.34 2834.29 2830.26 2827.08 2824.53 2822.32 2820.10 2817.23 2812.69 2804.86 2792.21 2776.71 2770.67 2772.32 2774.77 2777.43 2780.41 2783.73 2786.95 2786.55 2777.39 2765.83 2754.33 2743.21 2732.48 2722.13 2712.12 2702.42 2693.01 2683.86 2674.95 2666.27 2657.80 2649.58 2644.51 2641.23 2638.01 2634.82 2631.58 2628.28
3106.05 3100.97 3095.99 3091.16 3086.40 3081.62 3076.58 3071.00 3064.53 3056.81 3047.56 3036.68 3024.29 3010.79 2996.73 2982.73 2969.20 2955.80 2941.26 2926.80 2913.36 2901.05 2889.82 2879.61 2870.39 2862.17 2854.95 2848.75 2843.54 2839.25 2835.81 2833.08 2830.95 2829.25 2827.69 2825.60 2821.14 2810.86 2796.18 2785.03 2779.68 2777.84 2778.00 2779.62 2782.44 2786.29 2788.18 2776.49 2764.40 2752.95 2742.06 2731.62 2721.56 2711.80 2702.30 2693.04 2683.97 2675.10 2666.46 2658.05 2650.30 2644.70 2640.71 2637.09 2633.59 2630.12 2626.68
3112.63 3107.52 3102.55 3097.79 3093.22 3088.76 3084.23 3079.32 3073.65 3066.81 3058.32 3047.84 3035.30 3021.06 3005.83 2990.42 2975.34 2960.67 2946.23 2932.39 2919.55 2907.81 2897.15 2887.45 2878.66 2870.74 2863.66 2857.44 2852.07 2847.51 2843.76 2840.79 2838.60 2837.21 2836.75 2837.35 2838.62 2831.30 2811.68 2795.74 2785.46 2779.67 2776.96 2776.39 2777.16 2778.15 2776.30 2769.07 2759.34 2749.27 2739.35 2729.65 2720.18 2710.90 2701.80 2692.84 2684.04 2675.42 2667.01 2659.02 2651.78 2645.80 2640.92 2636.65 2632.68 2628.88 2625.20
3118.74 3113.48 3108.39 3103.60 3099.17 3095.08 3091.11 3087.01 3082.36 3076.63 3069.11 3059.07 3046.09 3030.56 3013.57 2996.31 2979.65 2964.04 2949.57 2936.31 2924.27 2913.38 2903.50 2894.48 2886.20 2878.61 2871.68 2865.41 2859.83 2854.93 2850.73 2847.28 2844.61 2842.84 2842.16 2842.85 2844.79 2838.02 2817.22 2799.62 2786.94 2778.61 2773.56 2770.75 2769.20 2767.72 2764.77 2759.35 2752.07 2743.91 2735.42 2726.82 2718.19 2709.58 2701.01 2692.49 2684.07 2675.79 2667.75 2660.08 2653.04 2646.82 2641.37 2636.50 2632.02 2627.82 2623.85
3124.43 3118.85 3113.47 3108.48 3104.10 3100.32 3096.98 3093.75 3090.25 3085.94 3079.83 3070.53 3056.84 3039.24 3019.68 3000.12 2981.86 2965.48 2951.14 2938.64 2927.65 2917.86 2908.96 2900.74 2893.07 2885.83 2879.02 2872.67 2866.81 2861.45 2856.65 2852.42 2848.79 2845.80 2843.37 2841.15 2837.41 2827.94 2812.35 2796.45 2783.56 2774.24 2767.82 2763.33 2759.94 2756.91 2753.61 2749.43 2744.11 2737.83 2730.89 2723.51 2715.85 2708.01 2700.07 2692.08 2684.10 2676.22 2668.50 2661.10 2654.13 2647.72 2641.85 2636.47 2631.49 2626.87 2622.58
3129.76 3123.69 3117.76 3112.33 3107.80 3104.31 3101.54 3099.10 3096.71 3093.99 3090.02 3082.40 3067.66 3046.61 3023.50 3001.24 2981.34 2964.49 2950.68 2939.35 2929.79 2921.39 2913.70 2906.43 2899.38 2892.50 2885.79 2879.27 2873.04 2867.13 2861.55 2856.33 2851.40 2846.68 2841.84 2836.24 2828.54 2817.31 2803.01 2788.47 2776.34 2767.25 2760.48 2755.06 2750.29 2746.11 2742.92 2740.06 2736.45 2731.84 2726.33 2720.15 2713.45 2706.41 2699.12 2691.68 2684.18 2676.70 2669.29 2662.08 2655.14 2648.56 2642.36 2636.53 2631.07 2626.02 2621.37
3134.81 3128.11 3121.40 3115.12 3110.18 3106.98 3104.63 3102.62 3100.88 3099.36 3097.85 3094.34 3077.96 3050.99 3023.78 2998.77 2977.39 2960.57 2948.06 2938.58 2930.92 2924.23 2917.97 2911.74 2905.36 2898.79 2892.08 2885.35 2878.68 2872.11 2865.67 2859.34 2852.99 2846.44 2839.29 2830.90 2820.49 2807.49 2792.53 2777.97 2766.76 2758.96 2752.81 2747.15 2741.38 2735.64 2733.12 2731.99 2729.88 2726.58 2722.27 2717.11 2711.28 2704.95 2698.30 2691.41 2684.38 2677.28 2670.17 2663.13 2656.22 2649.47 2642.95 2636.68 2630.74 2625.22 2620.22
3139.69 3132.38 3124.85 3117.21 3111.29 3108.72 3106.37 3104.11 3101.99 3100.18 3098.78 3097.37 3079.28 3048.64 3019.21 2992.21 2969.49 2953.48 2943.50 2936.75 2931.46 2926.78 2922.07 2916.94 2911.18 2904.83 2898.05 2891.00 2883.81 2876.54 2869.24 2861.80 2854.11 2845.92 2836.87 2826.46 2814.13 2799.59 2783.02 2766.39 2756.61 2751.37 2746.40 2741.05 2735.15 2728.88 2726.77 2726.38 2724.99 2722.53 2719.04 2714.65 2709.50 2703.79 2697.70 2691.32 2684.75 2678.03 2671.22 2664.35 2657.47 2650.59 2643.77 2637.05 2630.57 2624.51 2619.08
3144.49 3136.73 3128.73 3120.73 3114.33 3110.56 3107.17 3103.67 3100.03 3096.07 3091.15 3082.64 3064.81 3038.70 3010.38 2982.62 2957.75 2943.77 2938.28 2934.77 2932.00 2929.39 2926.35 2922.31 2917.05 2910.75 2903.73 2896.28 2888.55 2880.60 2872.46 2864.03 2855.20 2845.72 2835.30 2823.55 2810.15 2794.88 2777.77 2759.63 2751.11 2747.10 2742.58 2737.57 2732.32 2727.63 2724.84 2723.39 2721.91 2719.79 2716.82 2712.92 2708.26 2703.01 2697.37 2691.48 2685.36 2679.02 2672.52 2665.87 2659.06 2652.09 2644.99 2637.80 2630.70 2623.95 2618.00
3149.14 3141.08 3132.94 3125.08 3118.20 3112.49 3107.21 3101.78 3095.84 3088.90 3080.03 3067.44 3049.23 3025.95 3000.14 2973.98 2949.04 2937.52 2935.09 2933.75 2932.97 2932.31 2931.04 2928.10 2923.04 2916.51 2909.12 2901.20 2892.93 2884.35 2875.48 2866.25 2856.54 2846.14 2834.83 2822.41 2808.70 2793.74 2778.08 2763.57 2753.53 2747.12 2741.70 2736.48 2731.51 2727.23 2724.12 2721.99 2720.22 2718.25 2715.58 2711.95 2707.51 2702.56 2697.32 2691.86 2686.24 2680.34 2674.17 2667.77 2661.12 2654.16 2646.86 2639.23 2631.38 2623.71 2616.98
3153.47 3145.16 3136.83 3128.72 3121.04 3113.79 3106.59 3098.99 3090.52 3080.69 3068.72 3053.71 3035.11 3013.52 2990.60 2968.39 2949.76 2938.90 2934.92 2933.95 2934.32 2935.31 2936.11 2934.42 2928.92 2921.87 2914.08 2905.72 2896.95 2887.86 2878.42 2868.60 2858.25 2847.28 2835.53 2822.87 2809.34 2795.17 2780.99 2768.08 2757.65 2749.59 2742.93 2737.06 2731.81 2727.34 2723.85 2721.26 2719.30 2717.52 2715.21 2711.60 2707.11 2702.32 2697.43 2692.46 2687.37 2681.96 2676.19 2670.16 2663.80 2657.01 2649.67 2641.70 2633.12 2624.20 2616.10
3157.25 3148.70 3140.11 3131.55 3123.03 3114.43 3105.48 3095.80 3085.00 3072.66 3058.31 3041.58 3022.55 3002.05 2981.61 2963.15 2948.65 2939.55 2935.39 2934.47 2935.36 2937.33 2939.85 2939.93 2933.45 2926.31 2918.34 2909.69 2900.56 2891.09 2881.28 2871.08 2860.39 2849.12 2837.20 2824.61 2811.45 2798.02 2784.83 2772.64 2762.01 2753.03 2745.35 2738.64 2732.77 2727.77 2723.73 2720.66 2718.46 2716.94 2715.55 2711.38 2706.67 2702.07 2697.58 2693.11 2688.61 2683.76 2678.54 2673.07 2667.22 2660.83 2653.73 2645.75 2636.74 2626.65 2615.87
3160.28 3151.52 3142.66 3133.66 3124.37 3114.64 3104.16 3092.67 3079.85 3065.42 3049.15 3031.01 3011.33 2991.19 2972.35 2956.72 2945.37 2938.37 2935.06 2934.42 2935.50 2937.51 2939.47 2939.25 2935.57 2929.59 2921.79 2912.96 2903.66 2894.02 2884.06 2873.70 2862.88 2851.54 2839.67 2827.28 2814.52 2801.66 2789.07 2777.22 2766.44 2756.84 2748.32 2740.77 2734.10 2728.34 2723.56 2719.82 2717.12 2715.29 2713.59 2709.93 2705.71 2701.64 2697.69 2693.80 2689.85 2685.67 2681.24 2676.51 2671.40 2665.71 2659.23 2651.73 2643.03 2633.19 2623.11
3162.41 3153.53 3144.50 3135.16 3125.31 3114.66 3102.94 3089.92 3075.41 3059.27 3041.44 3022.03 3001.43 2980.76 2962.28 2948.87 2940.61 2935.90 2933.81 2933.65 2934.75 2936.44 2937.84 2937.97 2936.33 2932.17 2924.22 2915.35 2906.13 2896.61 2886.73 2876.43 2865.68 2854.45 2842.74 2830.62 2818.23 2805.78 2793.55 2781.86 2770.89 2760.80 2751.57 2743.18 2735.61 2728.91 2723.22 2718.62 2715.16 2712.61 2710.30 2707.50 2704.31 2701.05 2697.83 2694.61 2691.31 2687.89 2684.29 2680.46 2676.32 2671.62 2666.15 2659.62 2651.90 2643.25 2634.74
3163.49 3154.63 3145.60 3136.17 3125.97 3114.70 3102.02 3087.75 3071.85 3054.33 3035.30 3014.89 2993.40 2971.46 2951.27 2940.31 2935.76 2933.26 2932.26 2932.46 2933.48 2934.84 2935.92 2936.18 2935.27 2932.05 2924.88 2916.66 2907.96 2898.85 2889.28 2879.25 2868.74 2857.73 2846.27 2834.45 2822.37 2810.24 2798.24 2786.59 2775.45 2764.91 2755.04 2745.82 2737.29 2729.54 2722.74 2717.13 2712.84 2709.77 2707.42 2705.23 2702.94 2700.58 2698.15 2695.64 2693.04 2690.38 2687.66 2684.84 2681.82 2678.40 2674.28 2669.08 2662.56 2654.87 2646.74
