Loading files into QGIS/HighPlains.asc
NCOLS          140       
NROWS          111       
XLLCENTER      -101.60   
YLLCENTER      36.90     
DX             0.01      
DY             0.01      
NODATA_VALUE   -999.00   
[rows 29 to 57 of 111, columns 67 to 133 of 140]
2626.64 2620.56 2615.12 2610.28 2606.02 2602.29 2599.08 2596.34 2594.00 2592.03 2590.38 2589.07 2588.11 2587.52 2587.27 2587.28 2587.43 2587.62 2587.79 2587.90 2587.98 2588.07 2588.28 2588.77 2589.75 2591.45 2594.10 2597.76 2602.25 2606.74 2608.91 2607.56 2604.77 2601.57 2598.16 2594.58 2590.79 2586.79 2582.58 2578.16 2573.49 2568.62 2563.63 2558.75 2554.32 2550.71 2547.96 2545.68 2543.35 2540.67 2537.58 2534.27 2531.43 2530.09 2531.09 2534.13 2538.11 2542.11 2545.44 2547.71 2548.81 2548.88 2547.89 2543.86 2538.36 2532.61 2526.78
2622.47 2616.38 2610.94 2606.12 2601.88 2598.19 2595.03 2592.39 2590.23 2588.43 2586.95 2585.77 2584.88 2584.26 2583.88 2583.67 2583.55 2583.43 2583.27 2583.01 2582.67 2582.27 2581.92 2581.75 2582.01 2583.01 2585.05 2588.25 2592.30 2596.30 2598.96 2599.67 2598.93 2597.36 2595.28 2592.82 2590.06 2587.02 2583.71 2580.14 2576.35 2572.36 2568.26 2564.21 2560.44 2557.11 2554.27 2551.75 2549.31 2546.74 2544.03 2541.32 2539.11 2538.04 2538.56 2540.57 2543.55 2546.74 2549.39 2550.83 2550.84 2549.58 2547.05 2542.90 2537.60 2531.86 2526.02
2617.96 2611.91 2606.55 2601.83 2597.69 2594.07 2591.00 2588.56 2586.63 2585.04 2583.74 2582.69 2581.87 2581.25 2580.78 2580.42 2580.09 2579.72 2579.25 2578.64 2577.86 2576.93 2575.90 2574.90 2574.17 2574.12 2575.27 2577.98 2581.95 2586.24 2589.82 2592.11 2593.12 2593.15 2592.45 2591.21 2589.55 2587.53 2585.20 2582.59 2579.71 2576.62 2573.37 2570.06 2566.84 2563.81 2561.03 2558.46 2556.05 2553.70 2551.29 2548.84 2546.74 2545.49 2545.48 2546.74 2548.95 2551.61 2553.84 2554.40 2552.90 2550.10 2546.36 2541.71 2536.39 2530.70 2524.91
2613.06 2607.15 2601.97 2597.43 2593.48 2590.05 2587.05 2584.90 2583.26 2581.89 2580.77 2579.86 2579.13 2578.54 2578.03 2577.57 2577.08 2576.52 2575.79 2574.88 2573.71 2572.27 2570.55 2568.62 2566.68 2565.20 2565.09 2567.36 2571.83 2577.08 2581.83 2585.48 2587.95 2589.37 2589.96 2589.89 2589.32 2588.32 2586.99 2585.35 2583.43 2581.23 2578.80 2576.17 2573.42 2570.63 2567.94 2565.40 2563.05 2560.92 2558.80 2556.33 2553.85 2552.12 2551.50 2552.02 2553.56 2555.85 2558.29 2558.16 2554.50 2550.16 2545.45 2540.32 2534.85 2529.17 2523.45
2607.78 2602.10 2597.19 2592.96 2589.32 2586.20 2583.60 2581.63 2580.15 2578.98 2578.05 2577.29 2576.67 2576.13 2575.64 2575.12 2574.55 2573.86 2572.98 2571.84 2570.39 2568.54 2566.25 2563.49 2560.31 2557.01 2554.84 2556.75 2562.71 2569.44 2575.41 2580.21 2583.81 2586.35 2588.01 2588.97 2589.40 2589.39 2589.03 2588.35 2587.37 2586.06 2584.41 2582.40 2580.04 2577.43 2574.73 2572.10 2569.72 2567.72 2566.10 2563.28 2559.96 2557.56 2556.25 2556.01 2556.71 2558.20 2560.10 2559.25 2554.35 2549.23 2543.96 2538.54 2532.95 2527.29 2521.65
2602.09 2596.76 2592.24 2588.41 2585.18 2582.49 2580.29 2578.58 2577.29 2576.33 2575.59 2575.00 2574.50 2574.06 2573.61 2573.11 2572.52 2571.78 2570.83 2569.61 2568.02 2565.98 2563.40 2560.15 2556.16 2551.32 2545.83 2547.32 2556.28 2564.32 2571.09 2576.60 2580.94 2584.26 2586.73 2588.53 2589.80 2590.66 2591.20 2591.45 2591.40 2591.00 2590.14 2588.70 2586.65 2584.07 2581.16 2578.24 2575.53 2573.21 2571.25 2568.10 2564.41 2561.52 2559.57 2558.49 2558.16 2558.27 2558.09 2556.15 2552.08 2547.08 2541.75 2536.25 2530.65 2525.03 2519.47
2596.01 2591.17 2587.16 2583.84 2581.10 2578.85 2577.04 2575.66 2574.64 2573.91 2573.38 2572.99 2572.66 2572.34 2571.97 2571.53 2570.97 2570.26 2569.36 2568.19 2566.68 2564.71 2562.20 2559.03 2555.13 2550.56 2546.20 2547.61 2555.01 2562.56 2569.20 2574.80 2579.41 2583.14 2586.14 2588.54 2590.49 2592.06 2593.38 2594.49 2595.35 2595.88 2595.86 2595.03 2593.17 2590.41 2587.08 2583.60 2580.23 2577.12 2574.09 2570.69 2567.14 2563.98 2561.47 2559.60 2558.23 2557.02 2555.40 2552.74 2548.84 2544.09 2538.88 2533.46 2527.94 2522.41 2516.97
2589.62 2585.42 2582.05 2579.32 2577.11 2575.33 2573.93 2572.88 2572.15 2571.70 2571.44 2571.29 2571.15 2570.96 2570.70 2570.34 2569.88 2569.28 2568.52 2567.56 2566.30 2564.69 2562.61 2560.03 2557.01 2553.97 2552.10 2553.44 2558.03 2563.82 2569.53 2574.67 2579.13 2582.93 2586.15 2588.91 2591.31 2593.45 2595.43 2597.28 2599.01 2600.49 2601.45 2601.32 2599.57 2596.33 2592.27 2588.00 2583.85 2579.91 2576.11 2572.32 2568.59 2565.15 2562.15 2559.58 2557.30 2555.05 2552.50 2549.27 2545.28 2540.64 2535.58 2530.27 2524.86 2519.45 2514.13
2583.05 2579.65 2577.04 2574.97 2573.31 2572.00 2571.00 2570.29 2569.86 2569.72 2569.78 2569.91 2569.98 2569.94 2569.78 2569.53 2569.17 2568.74 2568.22 2567.58 2566.77 2565.72 2564.35 2562.67 2560.79 2559.14 2558.49 2559.69 2562.76 2566.96 2571.48 2575.84 2579.85 2583.44 2586.64 2589.53 2592.16 2594.68 2597.10 2599.55 2602.01 2604.47 2606.60 2607.55 2605.77 2601.54 2596.41 2591.25 2586.33 2581.70 2577.30 2573.08 2569.04 2565.27 2561.80 2558.64 2555.64 2552.65 2549.41 2545.73 2541.57 2536.93 2531.96 2526.77 2521.48 2516.19 2510.99
2576.54 2574.16 2572.36 2570.94 2569.82 2568.96 2568.34 2567.94 2567.77 2567.97 2568.43 2568.87 2569.16 2569.26 2569.18 2568.99 2568.75 2568.51 2568.28 2568.07 2567.84 2567.52 2567.06 2566.39 2565.60 2564.96 2564.93 2565.91 2568.03 2570.98 2574.37 2577.85 2581.23 2584.41 2587.40 2590.21 2592.90 2595.54 2598.22 2601.00 2603.95 2607.10 2610.45 2613.38 2611.34 2605.21 2598.95 2593.05 2587.55 2582.41 2577.56 2572.97 2568.62 2564.51 2560.63 2556.98 2553.43 2549.86 2546.12 2542.12 2537.75 2533.07 2528.14 2523.03 2517.85 2512.67 2507.59
2570.64 2569.34 2568.28 2567.42 2566.76 2566.29 2566.02 2565.92 2565.95 2566.49 2567.49 2568.26 2568.73 2568.89 2568.83 2568.65 2568.50 2568.43 2568.52 2568.79 2569.22 2569.77 2570.30 2570.72 2570.93 2571.02 2571.27 2571.98 2573.33 2575.29 2577.66 2580.28 2582.95 2585.62 2588.23 2590.79 2593.34 2595.93 2598.59 2601.40 2604.43 2607.67 2611.17 2614.53 2612.36 2605.80 2599.31 2593.17 2587.40 2581.99 2576.87 2572.01 2567.39 2562.99 2558.78 2554.72 2550.75 2546.76 2542.65 2538.36 2533.83 2529.09 2524.16 2519.11 2514.01 2508.93 2503.95
2566.35 2565.71 2565.09 2564.57 2564.20 2564.04 2564.09 2564.37 2564.86 2565.82 2567.11 2568.13 2568.68 2568.79 2568.62 2568.38 2568.23 2568.30 2568.68 2569.44 2570.58 2572.07 2573.75 2575.33 2576.52 2577.17 2577.45 2577.75 2578.38 2579.47 2580.96 2582.75 2584.72 2586.80 2588.93 2591.13 2593.40 2595.73 2598.17 2600.73 2603.39 2606.09 2608.51 2609.69 2607.81 2603.11 2597.43 2591.61 2585.94 2580.47 2575.25 2570.23 2565.44 2560.80 2556.33 2551.97 2547.66 2543.36 2538.98 2534.47 2529.81 2525.00 2520.06 2515.04 2510.00 2505.00 2500.10
2564.39 2563.57 2562.92 2562.44 2562.16 2562.15 2562.46 2563.12 2564.18 2565.62 2567.20 2568.43 2568.96 2568.86 2568.44 2567.99 2567.77 2567.90 2568.52 2569.71 2571.56 2574.04 2576.98 2579.96 2582.25 2583.29 2583.31 2583.01 2582.91 2583.22 2583.93 2584.97 2586.26 2587.74 2589.37 2591.10 2592.95 2594.91 2596.96 2599.05 2601.13 2602.99 2604.28 2604.32 2602.46 2598.76 2593.95 2588.68 2583.30 2577.97 2572.77 2567.70 2562.79 2558.03 2553.37 2548.79 2544.25 2539.70 2535.12 2530.44 2525.67 2520.80 2515.84 2510.86 2505.86 2500.92 2496.08
2564.19 2562.71 2561.67 2560.93 2560.53 2560.51 2560.95 2561.90 2563.38 2565.34 2567.48 2569.10 2569.51 2568.91 2568.04 2567.30 2566.92 2567.03 2567.78 2569.29 2571.73 2575.16 2579.49 2584.20 2588.02 2589.25 2588.51 2587.39 2586.60 2586.25 2586.32 2586.73 2587.40 2588.29 2589.38 2590.62 2592.01 2593.49 2595.04 2596.57 2597.98 2599.05 2599.48 2598.88 2596.94 2593.73 2589.52 2584.77 2579.76 2574.64 2569.55 2564.52 2559.58 2554.74 2549.95 2545.22 2540.52 2535.82 2531.07 2526.28 2521.43 2516.50 2511.54 2506.57 2501.60 2496.72 2491.92
2564.87 2562.70 2561.10 2559.92 2559.18 2558.97 2559.35 2560.41 2562.17 2564.60 2567.52 2570.07 2570.04 2568.55 2567.11 2566.07 2565.52 2565.55 2566.28 2567.90 2570.69 2574.85 2580.41 2587.09 2593.70 2594.38 2592.14 2590.30 2589.07 2588.33 2587.95 2587.85 2587.98 2588.33 2588.88 2589.62 2590.51 2591.50 2592.51 2593.48 2594.24 2594.64 2594.45 2593.42 2591.39 2588.38 2584.59 2580.23 2575.54 2570.66 2565.73 2560.79 2555.88 2551.00 2546.16 2541.34 2536.53 2531.71 2526.87 2521.99 2517.08 2512.13 2507.16 2502.19 2497.27 2492.41 2487.65
2565.97 2563.22 2560.97 2559.20 2557.96 2557.36 2557.49 2558.44 2560.23 2562.83 2566.17 2570.12 2569.16 2566.97 2565.29 2564.12 2563.47 2563.39 2563.97 2565.43 2568.16 2572.64 2578.86 2586.33 2593.92 2594.86 2592.80 2591.15 2590.04 2589.30 2588.72 2588.24 2587.87 2587.73 2587.81 2588.08 2588.49 2589.00 2589.51 2589.93 2590.15 2589.98 2589.32 2587.94 2585.81 2582.92 2579.35 2575.28 2570.84 2566.21 2561.44 2556.61 2551.75 2546.90 2542.05 2537.19 2532.32 2527.44 2522.53 2517.58 2512.65 2507.67 2502.70 2497.75 2492.86 2488.02 2483.32
2567.37 2564.07 2561.13 2558.65 2556.74 2555.56 2555.25 2555.89 2557.45 2559.77 2562.54 2564.83 2564.99 2563.76 2562.45 2561.44 2560.84 2560.69 2561.04 2562.04 2564.13 2568.49 2574.96 2581.92 2587.64 2590.23 2590.38 2589.91 2589.49 2589.15 2588.62 2587.80 2587.02 2586.45 2586.11 2585.97 2585.96 2586.04 2586.08 2586.03 2585.77 2585.17 2584.11 2582.48 2580.23 2577.37 2573.94 2570.07 2565.84 2561.38 2556.78 2552.08 2547.31 2542.52 2537.69 2532.82 2527.92 2523.00 2518.05 2513.09 2508.12 2503.15 2498.20 2493.28 2488.41 2483.62 2478.95
2569.06 2565.19 2561.51 2558.20 2555.44 2553.50 2552.57 2552.78 2553.98 2555.85 2557.91 2559.49 2560.00 2559.61 2558.89 2558.22 2557.79 2557.67 2557.89 2558.46 2559.37 2563.41 2570.19 2576.50 2581.57 2584.77 2586.32 2587.05 2587.52 2588.00 2587.69 2586.44 2585.30 2584.42 2583.77 2583.29 2582.94 2582.64 2582.31 2581.87 2581.22 2580.25 2578.88 2577.03 2574.66 2571.79 2568.44 2564.69 2560.61 2556.32 2551.85 2547.27 2542.61 2537.88 2533.12 2528.26 2523.37 2518.43 2513.47 2508.50 2503.54 2498.58 2493.66 2488.79 2483.96 2479.22 2474.57
2571.11 2566.58 2562.08 2557.84 2554.09 2551.16 2549.47 2549.24 2550.15 2551.67 2553.29 2554.55 2555.20 2555.27 2555.02 2554.73 2554.54 2554.58 2554.91 2555.61 2557.02 2560.59 2566.02 2571.43 2576.00 2579.38 2581.62 2583.10 2584.20 2585.15 2585.10 2583.82 2582.63 2581.63 2580.80 2580.11 2579.49 2578.89 2578.26 2577.48 2576.51 2575.26 2573.64 2571.60 2569.14 2566.22 2562.89 2559.21 2555.24 2551.04 2546.70 2542.25 2537.71 2533.11 2528.38 2523.58 2518.68 2513.76 2508.79 2503.85 2498.89 2493.98 2489.10 2484.27 2479.51 2474.83 2470.25
2573.52 2568.25 2562.88 2557.68 2552.84 2548.66 2546.00 2545.51 2546.40 2547.73 2549.06 2550.13 2550.80 2551.10 2551.17 2551.18 2551.27 2551.54 2552.13 2553.18 2555.07 2558.23 2562.43 2566.87 2570.90 2574.19 2576.68 2578.49 2579.81 2580.63 2580.70 2580.02 2579.08 2578.14 2577.26 2576.43 2575.64 2574.84 2573.97 2572.94 2571.72 2570.23 2568.41 2566.22 2563.65 2560.67 2557.33 2553.69 2549.76 2545.65 2541.39 2537.06 2532.66 2528.17 2523.56 2518.79 2513.91 2509.00 2504.05 2499.11 2494.21 2489.35 2484.52 2479.77 2475.09 2470.50 2466.01
2576.15 2570.02 2563.91 2557.92 2552.10 2546.52 2542.19 2542.20 2543.29 2544.44 2545.46 2546.29 2546.89 2547.27 2547.52 2547.74 2548.06 2548.57 2549.40 2550.70 2552.69 2555.50 2558.97 2562.69 2566.21 2569.25 2571.73 2573.61 2574.95 2575.76 2575.94 2575.60 2574.92 2574.11 2573.26 2572.39 2571.50 2570.53 2569.49 2568.28 2566.88 2565.21 2563.23 2560.91 2558.23 2555.19 2551.81 2548.15 2544.24 2540.14 2535.95 2531.71 2527.46 2523.14 2518.66 2513.92 2509.05 2504.13 2499.22 2494.34 2489.49 2484.70 2479.96 2475.30 2470.72 2466.24 2461.88
2578.20 2571.57 2565.10 2558.75 2552.49 2546.43 2541.58 2541.01 2541.52 2542.09 2542.66 2543.12 2543.52 2543.86 2544.16 2544.52 2545.00 2545.68 2546.65 2548.04 2549.98 2552.50 2555.49 2558.67 2561.78 2564.55 2566.88 2568.71 2570.01 2570.79 2571.08 2570.91 2570.42 2569.73 2568.94 2568.06 2567.09 2566.06 2564.89 2563.56 2562.02 2560.22 2558.13 2555.68 2552.92 2549.80 2546.37 2542.65 2538.69 2534.58 2530.38 2526.18 2522.06 2518.00 2513.73 2508.96 2504.04 2499.16 2494.32 2489.51 2484.76 2480.06 2475.41 2470.85 2466.40 2462.07 2457.87
2578.80 2572.70 2566.43 2560.17 2554.07 2548.47 2544.23 2542.02 2541.14 2540.75 2540.60 2540.57 2540.66 2540.85 2541.15 2541.57 2542.13 2542.89 2543.91 2545.27 2547.08 2549.35 2552.01 2554.84 2557.60 2560.12 2562.25 2563.93 2565.16 2565.90 2566.20 2566.12 2565.75 2565.14 2564.39 2563.51 2562.55 2561.45 2560.24 2558.82 2557.19 2555.30 2553.11 2550.59 2547.75 2544.55 2541.03 2537.22 2533.18 2528.97 2524.69 2520.46 2516.38 2512.53 2508.74 2503.72 2498.86 2494.08 2489.35 2484.67 2480.02 2475.40 2470.87 2466.43 2462.11 2457.95 2453.96
2578.95 2573.71 2567.97 2562.08 2556.31 2551.04 2546.74 2543.65 2541.58 2540.19 2539.21 2538.58 2538.27 2538.27 2538.50 2538.93 2539.53 2540.30 2541.27 2542.51 2544.12 2546.17 2548.59 2551.17 2553.70 2555.97 2557.89 2559.41 2560.49 2561.15 2561.41 2561.33 2560.98 2560.42 2559.71 2558.86 2557.91 2556.81 2555.56 2554.11 2552.43 2550.50 2548.24 2545.67 2542.75 2539.47 2535.86 2531.94 2527.77 2523.39 2518.94 2514.52 2510.30 2506.33 2502.36 2497.95 2493.42 2488.90 2484.36 2479.82 2475.29 2470.79 2466.36 2462.03 2457.85 2453.86 2450.13
2579.65 2575.09 2569.88 2564.38 2558.90 2553.76 2549.24 2545.50 2542.51 2540.14 2538.31 2537.02 2536.29 2536.07 2536.24 2536.68 2537.27 2538.00 2538.86 2539.89 2541.20 2543.04 2545.35 2547.80 2550.12 2552.18 2553.87 2555.16 2556.05 2556.57 2556.74 2556.61 2556.24 2555.69 2554.99 2554.16 2553.22 2552.14 2550.91 2549.48 2547.79 2545.84 2543.57 2540.95 2537.98 2534.63 2530.93 2526.89 2522.55 2517.96 2513.22 2508.47 2503.96 2499.83 2495.94 2492.01 2487.93 2483.73 2479.43 2475.04 2470.61 2466.20 2461.86 2457.63 2453.59 2449.77 2446.29
2581.25 2577.11 2572.30 2567.10 2561.79 2556.64 2551.86 2547.55 2543.78 2540.49 2537.78 2535.78 2534.61 2534.24 2534.40 2534.87 2535.47 2536.15 2536.87 2537.61 2538.49 2540.08 2542.49 2544.87 2547.00 2548.81 2550.23 2551.26 2551.90 2552.22 2552.21 2551.97 2551.53 2550.94 2550.25 2549.44 2548.55 2547.52 2546.34 2544.95 2543.31 2541.39 2539.12 2536.50 2533.48 2530.10 2526.31 2522.15 2517.64 2512.82 2507.74 2502.53 2497.53 2493.30 2489.78 2486.33 2482.67 2478.76 2474.64 2470.37 2466.03 2461.68 2457.37 2453.22 2449.27 2445.59 2442.33
2583.92 2579.94 2575.33 2570.28 2565.02 2559.78 2554.70 2549.91 2545.42 2541.28 2537.62 2534.77 2533.20 2532.85 2533.11 2533.63 2534.23 2534.86 2535.49 2536.07 2536.64 2537.98 2540.39 2542.58 2544.44 2545.92 2547.02 2547.71 2548.06 2548.08 2547.87 2547.45 2546.89 2546.24 2545.54 2544.76 2543.94 2542.99 2541.89 2540.59 2539.04 2537.17 2534.96 2532.35 2529.34 2525.91 2522.06 2517.82 2513.18 2508.17 2502.79 2497.09 2491.28 2487.02 2484.22 2481.23 2477.85 2474.14 2470.13 2465.89 2461.55 2457.18 2452.90 2448.78 2444.87 2441.24 2438.12
2587.47 2583.59 2579.01 2573.97 2568.66 2563.26 2557.91 2552.68 2547.58 2542.67 2537.98 2533.96 2532.08 2532.09 2532.56 2533.11 2533.68 2534.23 2534.81 2535.42 2536.19 2537.46 2539.22 2540.97 2542.46 2543.54 2544.23 2544.54 2544.51 2544.20 2543.69 2543.03 2542.32 2541.58 2540.84 2540.13 2539.38 2538.55 2537.59 2536.43 2535.00 2533.24 2531.10 2528.55 2525.56 2522.13 2518.25 2513.97 2509.27 2504.17 2498.72 2492.89 2486.82 2482.54 2479.91 2477.00 2473.69 2469.99 2465.96 2461.67 2457.20 2452.72 2448.35 2444.22 2440.34 2436.59 2433.48
2592.04 2588.01 2583.30 2578.14 2572.70 2567.12 2561.52 2555.96 2550.46 2545.01 2539.60 2534.19 2532.16 2532.63 2533.05 2533.45 2533.84 2534.24 2534.75 2535.38 2536.23 2537.37 2538.71 2540.01 2541.04 2541.69 2541.92 2541.75 2541.26 2540.53 2539.64 2538.71 2537.78 2536.94 2536.19 2535.52 2534.90 2534.24 2533.47 2532.50 2531.25 2529.63 2527.61 2525.14 2522.20 2518.79 2514.91 2510.62 2505.92 2500.88 2495.55 2490.08 2484.79 2480.45 2477.00 2473.71 2470.21 2466.37 2462.18 2457.69 2452.99 2448.24 2443.63 2439.38 2435.65 2431.41 2428.04
