Loading files into QGIS/HighPlainsVar.asc
NCOLS          140       
NROWS          111       
XLLCENTER      -101.60   
YLLCENTER      36.90     
DX             0.01      
DY             0.01      
NODATA_VALUE   -999.00   
[rows 0 to 28 of 111, columns 0 to 66 of 140]
10938.87 10996.20 11019.92 11013.37 10978.69 10917.32 10828.52 10711.09 10563.73 10384.81 10173.15 9929.00 9653.88 9350.96 9025.55 8685.06 8338.73 7997.45 7672.76 7375.09 7112.00 6886.23 6694.09 6525.37 6364.61 6192.96 5991.32 5742.35 5431.93 5049.54 4588.19 4045.31 3425.49 2753.99 2121.33 1772.31 1914.89 2266.44 2501.31 2518.81 2376.15 2244.82 2240.66 2281.75 2243.10 2068.59 1886.53 1898.72 2073.75 2273.49 2395.22 2389.88 2298.17 2224.00 2226.32 2254.50 2189.94 1882.50 1184.84 120.47 1224.08 1894.45 2099.02 1942.88 1636.25 1466.25 1462.63
10529.44 10580.46 10604.65 10605.93 10586.90 10548.39 10489.02 10406.81 10298.93 10162.70 9996.05 9797.96 9568.65 9310.48 9027.92 8727.33 8416.60 8105.27 7803.47 7520.22 7262.53 7033.59 6831.30 6648.64 6473.06 6288.76 6078.15 5823.81 5510.58 5127.20 4668.69 4139.77 3562.68 2990.22 2519.60 2273.40 2286.01 2410.90 2436.94 2227.02 1784.44 1414.54 1481.57 1666.23 1759.55 1532.75 1203.90 1461.27 1918.55 2220.87 2329.33 2238.29 2026.23 1915.80 2050.09 2253.68 2304.51 2079.25 1570.14 1176.79 1561.51 2011.23 2120.65 1891.58 1511.76 1381.32 1618.13
10103.58 10141.53 10160.84 10166.73 10161.54 10145.27 10115.58 10069.25 10001.97 9909.05 9786.64 9632.38 9445.47 9226.91 8979.80 8709.61 8423.31 8129.92 7838.59 7558.68 7297.83 7061.01 6848.76 6656.65 6474.83 6288.91 6081.23 5833.17 5527.21 5149.88 4694.69 4167.28 3593.57 3031.73 2579.52 2342.31 2333.72 2412.20 2369.99 2040.08 1319.35 262.71 650.74 960.50 1388.30 1151.50 152.69 1011.96 1659.96 2016.78 2133.59 1944.03 1467.84 1173.78 1629.10 2162.04 2439.76 2433.68 2241.04 2103.71 2192.66 2312.54 2210.38 1772.86 998.79 701.47 1490.39
9654.19 9671.77 9681.39 9688.22 9695.01 9701.22 9702.80 9694.39 9669.40 9620.73 9543.03 9431.65 9284.06 9100.18 8881.80 8633.60 8361.71 8074.65 7782.20 7494.37 7221.23 6970.43 6746.35 6547.81 6367.33 6191.00 5999.72 5771.70 5485.52 5122.89 4671.76 4130.01 3511.85 2862.21 2287.81 1983.27 2053.80 2269.25 2336.71 2104.52 1555.36 980.79 703.03 906.06 1428.13 1380.40 1053.74 1114.72 1349.99 1701.21 1924.49 1752.20 1069.47 193.64 1391.44 2197.62 2651.61 2821.81 2814.02 2759.62 2725.69 2645.31 2394.03 1880.10 1103.93 836.08 1581.83
9174.26 9163.86 9157.44 9162.18 9180.37 9210.26 9245.84 9278.74 9299.32 9297.85 9265.96 9197.15 9086.96 8933.70 8738.56 8504.46 8237.75 7946.26 7640.72 7333.12 7036.54 6763.43 6523.09 6319.33 6147.24 5992.48 5833.16 5642.41 5392.85 5059.92 4623.65 4070.19 3392.56 2597.15 1743.12 1184.56 1518.45 2067.23 2358.87 2336.60 2081.41 1783.47 1591.65 1630.23 1798.18 1764.49 1503.89 1059.28 637.69 1321.46 1831.98 1876.92 1547.85 1360.25 1877.10 2524.88 2977.18 3206.93 3266.55 3224.04 3116.47 2929.21 2625.70 2202.67 1773.79 1651.14 1919.63
8657.19 8609.66 8581.28 8580.69 8610.27 8666.69 8741.13 8820.74 8892.12 8941.73 8958.32 8932.70 8858.99 8733.89 8556.88 8330.75 8060.55 7754.50 7423.91 7083.15 6749.58 6442.01 6177.50 5966.95 5809.57 5690.37 5581.72 5449.39 5258.37 4977.75 4581.76 4049.09 3360.39 2494.07 1421.43 128.92 1182.59 2020.37 2467.45 2591.64 2496.81 2316.06 2166.78 2115.11 2109.77 2008.35 1716.12 1167.47 661.61 1365.93 1979.64 2234.91 2256.40 2322.24 2627.23 3043.97 3387.15 3581.89 3627.89 3551.10 3374.01 3108.31 2772.30 2416.90 2133.88 2014.49 2062.14
8097.29 8002.28 7944.49 7935.31 7977.79 8066.03 8186.52 8321.12 8450.68 8557.03 8625.83 8645.46 8607.98 8509.11 8347.05 8123.47 7843.01 7513.11 7145.56 6756.98 6369.46 6010.02 5707.61 5484.95 5348.25 5280.86 5245.95 5197.29 5090.50 4889.36 4567.00 4105.31 3494.50 2741.36 1917.94 1394.54 1717.81 2301.18 2688.38 2820.15 2747.49 2561.72 2365.84 2237.96 2165.91 2042.71 1797.64 1511.72 1455.08 1827.60 2317.40 2667.65 2877.48 3062.15 3307.34 3585.48 3813.95 3932.92 3920.52 3777.80 3514.82 3150.51 2729.69 2341.75 2082.07 1936.88 1832.97
7490.49 7335.26 7238.87 7217.72 7276.43 7404.98 7582.85 7783.25 7980.54 8151.09 8276.77 8344.10 8343.68 8270.24 8121.04 7896.89 7601.13 7240.02 6824.94 6373.29 5911.32 5475.91 5112.89 4865.82 4755.22 4761.21 4829.14 4893.02 4896.39 4799.44 4579.40 4228.56 3757.16 3207.11 2688.53 2408.53 2497.60 2771.74 2981.58 3014.01 2856.54 2554.44 2207.69 1973.59 1914.12 1827.63 1573.73 1412.53 1653.54 2141.47 2657.39 3079.63 3392.23 3641.18 3867.70 4068.70 4208.02 4247.24 4161.40 3938.54 3575.38 3079.68 2490.19 1933.11 1641.97 1544.72 1255.42
6837.13 6604.22 6456.53 6419.71 6500.47 6682.50 6933.58 7215.31 7491.85 7734.79 7922.35 8039.89 8077.60 8029.51 7892.63 7666.67 7353.44 6957.51 6487.88 5960.35 5402.06 4858.25 4397.59 4101.43 4022.02 4133.27 4342.63 4550.44 4685.29 4707.82 4602.87 4375.40 4050.47 3680.41 3351.38 3162.96 3151.47 3234.30 3277.49 3180.15 2891.84 2403.17 1770.05 1293.57 1403.73 1482.38 1056.01 695.55 1502.35 2302.06 2947.41 3447.00 3822.20 4105.28 4321.76 4475.40 4550.00 4521.59 4368.03 4071.74 3618.39 2995.73 2198.03 1275.32 835.18 1115.50 799.91
6142.81 5808.70 5590.75 5532.66 5645.92 5902.62 6249.85 6631.47 7000.52 7322.87 7576.36 7745.60 7821.70 7799.31 7675.58 7449.04 7120.13 6691.28 6167.21 5558.65 4887.30 4198.12 3580.86 3184.14 3142.44 3414.49 3817.77 4197.91 4474.16 4615.39 4618.82 4500.99 4295.09 4050.89 3829.46 3683.15 3622.59 3600.33 3534.06 3341.96 2959.22 2335.35 1425.95 212.20 994.06 1388.23 1064.77 761.56 1678.75 2567.10 3265.01 3798.37 4197.33 4488.79 4691.39 4810.47 4838.36 4759.60 4556.30 4211.03 3707.48 3030.04 2164.23 1115.26 527.43 890.94 886.25
5425.57 4956.28 4637.53 4548.34 4712.74 5077.78 5552.90 6055.55 6528.29 6935.04 7254.75 7474.84 7588.51 7591.75 7482.29 7258.81 6920.67 6467.38 5899.83 5220.65 4439.12 3581.86 2728.89 2114.01 2123.58 2669.74 3325.92 3886.15 4290.14 4529.07 4615.67 4576.26 4448.27 4277.93 4112.87 3987.81 3908.03 3842.39 3733.87 3517.98 3138.78 2561.97 1816.14 1235.03 1472.94 1801.61 1817.76 1892.50 2389.20 3056.31 3666.61 4161.69 4540.18 4813.87 4993.41 5082.43 5076.44 4964.74 4733.69 4369.83 3863.32 3214.45 2452.49 1694.78 1185.93 675.20 517.71
4724.19 4073.98 3598.77 3458.38 3711.50 4241.42 4883.55 5524.93 6105.46 6593.85 6974.83 7241.04 7388.81 7416.27 7322.70 7107.38 6769.44 6307.31 5718.68 5000.62 4150.00 3165.40 2058.63 963.51 1077.10 2097.66 2994.42 3682.56 4165.18 4459.51 4589.88 4587.87 4492.69 4349.51 4203.15 4086.66 4008.81 3948.29 3860.62 3694.69 3412.03 3011.27 2572.13 2301.17 2349.91 2526.24 2657.70 2836.64 3184.97 3651.45 4122.66 4531.54 4854.57 5088.41 5235.22 5295.41 5264.91 5135.43 4896.50 4538.59 4057.75 3463.55 2792.48 2118.65 1510.52 987.53 890.17
4113.94 3234.14 2500.30 2255.76 2687.36 3470.93 4311.81 5091.94 5767.82 6323.55 6752.97 7055.11 7230.07 7278.46 7201.63 6999.95 6673.48 6221.36 5641.88 4932.48 4090.40 3113.74 2011.29 898.01 1019.85 2055.76 2951.30 3637.47 4119.52 4413.58 4541.96 4533.45 4425.68 4264.79 4101.79 3980.09 3919.26 3904.02 3891.42 3832.58 3696.87 3492.44 3280.81 3160.99 3184.71 3298.75 3441.99 3629.27 3895.80 4226.33 4569.03 4877.96 5127.48 5307.41 5414.56 5446.65 5399.07 5264.31 5033.20 4697.41 4253.24 3705.46 3068.67 2357.56 1568.02 792.20 811.12
3715.28 2618.88 1488.07 942.30 1820.92 2927.81 3938.71 4814.72 5549.49 6143.98 6600.79 6923.55 7115.54 7179.64 7118.61 6934.73 6629.74 6205.12 5663.22 5007.92 4249.14 3412.95 2576.08 1967.28 1981.06 2528.53 3180.18 3738.02 4144.58 4387.67 4473.16 4418.70 4255.29 4030.45 3808.92 3660.29 3627.06 3695.52 3806.13 3895.05 3925.84 3900.58 3856.49 3844.48 3893.09 3992.65 4124.13 4287.19 4488.73 4719.80 4955.05 5167.42 5338.14 5457.61 5521.64 5527.12 5469.12 5339.83 5129.43 4828.20 4428.96 3928.25 3323.21 2601.25 1727.74 724.80 839.56
3649.13 2519.88 1294.36 569.83 1664.31 2827.28 3854.59 4735.11 5470.54 6064.71 6521.81 6846.69 7043.29 7115.59 7067.79 6902.97 6625.70 6240.18 5753.76 5178.42 4536.61 3873.20 3275.81 2890.30 2851.08 3120.33 3522.41 3910.14 4204.35 4367.82 4385.65 4258.46 4004.27 3666.90 3329.56 3114.08 3117.75 3318.95 3604.42 3872.42 4074.67 4207.98 4296.84 4373.90 4461.64 4565.76 4683.65 4814.53 4958.05 5107.95 5251.31 5374.00 5465.97 5522.50 5542.11 5523.30 5461.50 5347.95 5170.62 4916.60 4574.80 4137.72 3601.86 2971.20 2285.76 1736.81 1638.49
3923.88 2981.34 2155.20 1857.49 2351.38 3194.80 4062.29 4850.03 5525.76 6079.61 6509.73 6817.43 7005.39 7077.39 7037.54 6890.64 6642.12 6299.29 5872.97 5380.29 4848.72 4323.72 3873.37 3579.27 3496.59 3606.47 3826.90 4065.86 4251.84 4335.67 4284.70 4080.20 3719.46 3228.10 2694.04 2327.81 2384.76 2805.98 3326.47 3792.01 4156.77 4424.82 4620.12 4770.36 4896.84 5010.89 5116.64 5215.06 5305.23 5383.41 5443.77 5481.30 5494.45 5485.74 5459.73 5418.94 5360.31 5273.52 5142.48 4949.39 4679.02 4322.71 3882.85 3382.00 2883.97 2510.13 2358.42
4415.69 3703.28 3167.60 2994.85 3257.96 3810.64 4465.05 5107.86 5683.88 6167.51 6548.02 6821.79 6989.03 7051.70 7013.68 6880.09 6657.33 6353.65 5981.47 5558.14 5110.11 4674.61 4299.15 4032.24 3903.71 3907.79 4004.58 4136.89 4245.23 4275.11 4179.92 3922.68 3477.42 2834.54 2027.81 1305.34 1475.71 2285.71 3074.45 3715.87 4208.45 4576.41 4849.27 5054.27 5211.85 5334.64 5428.74 5496.16 5536.41 5547.77 5529.04 5481.80 5412.70 5333.49 5258.09 5196.54 5148.74 5101.60 5032.15 4914.50 4727.25 4459.09 4113.85 3716.54 3319.31 2993.90 2796.42
4980.84 4451.42 4082.41 3960.83 4112.10 4473.56 4943.57 5436.96 5898.57 6296.38 6613.32 6841.36 6977.69 7022.89 6980.01 6853.59 6649.99 6377.65 6047.47 5674.67 5279.86 4890.34 4538.81 4258.48 4074.33 3995.05 4007.86 4078.02 4153.37 4173.52 4080.14 3823.49 3364.32 2672.44 1723.79 505.53 916.43 2073.39 2994.73 3713.93 4266.63 4686.61 5003.92 5242.75 5420.58 5548.12 5630.40 5668.67 5662.07 5609.57 5512.34 5376.71 5216.92 5056.01 4922.09 4838.30 4810.18 4819.61 4830.98 4804.98 4710.29 4529.63 4262.59 3926.83 3557.96 3204.91 2922.57
5522.33 5123.35 4853.97 4757.61 4844.02 5080.40 5409.00 5771.75 6122.99 6431.97 6679.44 6854.91 6953.69 6974.51 6919.99 6793.95 6602.24 6351.62 6050.97 5710.26 5342.90 4965.96 4601.15 4274.59 4016.43 3855.83 3808.52 3859.31 3955.04 4021.63 3987.51 3797.41 3416.94 2837.39 2106.50 1486.40 1639.19 2382.93 3154.99 3812.75 4344.32 4764.88 5093.50 5346.23 5534.05 5662.68 5733.84 5746.08 5696.69 5583.49 5407.64 5177.44 4913.08 4650.49 4439.19 4326.52 4329.84 4420.50 4539.02 4624.27 4631.44 4535.85 4330.50 4022.90 3632.72 3192.69 2761.20
5985.02 5678.03 5471.80 5389.32 5433.71 5585.08 5808.56 6064.26 6318.00 6542.99 6721.45 6841.90 6898.75 6890.49 6818.28 6686.20 6498.81 6261.71 5980.23 5658.98 5302.32 4916.36 4511.73 4109.00 3746.55 3484.64 3385.90 3461.27 3640.97 3817.13 3898.54 3829.93 3591.92 3206.62 2763.79 2462.97 2529.37 2930.90 3455.71 3967.50 4418.56 4800.08 5115.11 5367.51 5558.97 5688.09 5751.28 5743.26 5657.89 5490.12 5238.27 4908.55 4522.46 4127.03 3802.48 3643.99 3697.22 3909.06 4171.62 4391.00 4509.38 4497.91 4345.50 4051.05 3618.72 3058.99 2407.67
6340.54 6098.97 5934.75 5860.28 5875.57 5967.45 6112.57 6283.68 6454.77 6604.75 6718.11 6784.20 6797.48 6756.21 6661.55 6517.18 6328.24 6098.64 5831.05 5524.07 5172.90 4771.01 4314.64 3812.09 3302.52 2886.19 2721.00 2878.68 3226.05 3576.62 3815.62 3895.72 3814.99 3611.40 3367.42 3203.58 3221.66 3425.85 3741.18 4093.41 4440.91 4764.85 5055.04 5302.53 5497.90 5631.61 5693.88 5674.92 5564.88 5354.42 5036.68 4611.01 4091.18 3523.29 3019.69 2773.72 2913.62 3316.25 3769.51 4142.27 4376.05 4447.57 4348.03 4072.92 3616.46 2968.20 2113.94
6574.34 6379.74 6244.60 6175.63 6170.60 6219.72 6306.33 6410.75 6513.82 6598.49 6652.65 6667.00 6636.88 6560.13 6438.49 6276.53 6080.13 5854.60 5600.62 5312.23 4975.34 4569.67 4073.26 3471.42 2777.47 2100.34 1795.35 2150.28 2782.14 3354.66 3761.38 3982.83 4036.21 3964.77 3834.45 3722.15 3688.91 3754.54 3903.52 4111.03 4357.29 4625.11 4894.65 5143.74 5351.05 5498.51 5570.80 5554.27 5435.74 5201.94 4840.40 4340.97 3700.44 2937.79 2150.79 1699.13 2025.06 2734.38 3410.56 3931.94 4269.46 4417.28 4374.67 4140.39 3710.61 3079.41 2247.65
6679.78 6519.46 6405.30 6340.29 6321.41 6340.28 6383.44 6436.08 6483.28 6512.56 6513.77 6480.38 6407.50 6293.89 6141.29 5955.76 5746.12 5521.74 5285.09 5028.06 4728.06 4351.81 3860.09 3214.11 2380.52 1354.58 594.83 1507.57 2489.54 3248.00 3778.01 4098.71 4240.70 4245.55 4164.16 4049.84 3947.72 3887.78 3888.45 3963.97 4121.10 4349.07 4616.80 4884.92 5118.82 5293.11 5389.01 5390.90 5283.78 5052.57 4681.70 4155.17 3456.50 2569.53 1485.29 410.18 1310.42 2369.29 3202.11 3815.07 4220.68 4428.36 4444.42 4273.66 3922.87 3410.00 2791.26
6654.90 6519.57 6420.89 6359.81 6332.87 6331.30 6343.45 6356.15 6358.21 6339.84 6294.74 6217.59 6104.61 5953.77 5766.23 5549.63 5318.21 5090.01 4875.96 4668.94 4439.61 4142.31 3727.03 3149.22 2378.89 1437.41 827.15 1615.25 2575.30 3345.95 3902.46 4257.25 4433.96 4463.61 4381.95 4225.92 4030.93 3833.15 3676.90 3616.71 3696.92 3914.07 4213.21 4526.62 4805.09 5019.88 5152.98 5189.40 5114.52 4913.77 4573.27 4080.15 3424.11 2603.81 1661.75 981.05 1520.82 2427.38 3210.07 3814.60 4237.75 4482.63 4553.75 4458.49 4212.46 3849.76 3441.92
6501.02 6382.91 6295.78 6239.93 6210.51 6197.90 6189.50 6172.48 6137.70 6078.40 5991.86 5875.90 5727.17 5541.06 5315.65 5058.23 4790.50 4546.69 4357.23 4222.86 4104.82 3941.60 3675.52 3272.78 2746.31 2215.02 2008.46 2375.31 3021.39 3645.52 4135.50 4461.97 4625.71 4639.94 4523.76 4298.37 3987.94 3627.07 3278.47 3050.30 3059.24 3313.39 3693.99 4082.12 4419.00 4683.43 4864.20 4949.07 4924.27 4777.63 4500.33 4089.38 3553.07 2928.19 2327.49 2016.92 2232.01 2777.33 3373.49 3895.50 4297.54 4561.40 4681.26 4661.40 4518.75 4288.59 4030.91
6221.72 6113.70 6034.77 5986.19 5961.17 5947.56 5929.18 5891.76 5825.76 5729.18 5604.74 5454.93 5277.59 5063.34 4801.66 4492.59 4164.03 3878.25 3707.07 3671.37 3712.09 3734.33 3667.16 3486.36 3225.81 2992.13 2948.16 3181.57 3601.80 4055.53 4438.75 4700.60 4821.29 4796.43 4628.83 4323.94 3890.04 3346.34 2750.03 2265.81 2192.20 2576.90 3104.87 3582.44 3973.89 4286.77 4521.37 4665.14 4702.90 4624.52 4427.45 4118.24 3718.52 3278.17 2894.53 2705.25 2798.05 3120.37 3548.29 3980.77 4354.60 4633.09 4798.18 4847.33 4793.14 4663.94 4502.91
5823.05 5717.22 5642.51 5603.61 5592.71 5591.05 5574.86 5524.90 5431.35 5296.84 5133.37 4953.65 4759.75 4534.71 4249.37 3883.82 3459.63 3075.68 2897.58 3001.04 3262.24 3513.73 3665.07 3700.61 3659.06 3619.44 3671.18 3859.81 4154.10 4478.49 4760.78 4951.06 5019.95 4950.99 4734.35 4362.59 3828.27 3125.56 2262.74 1346.20 1108.30 1846.21 2548.51 3069.23 3477.21 3827.03 4120.76 4332.30 4438.70 4431.44 4314.44 4100.59 3813.71 3496.21 3216.27 3056.79 3077.50 3279.37 3609.33 3992.79 4361.42 4666.04 4878.65 4990.21 5007.36 4949.98 4847.38
5314.39 5197.92 5121.34 5096.66 5113.97 5142.61 5144.99 5091.43 4970.20 4789.69 4577.81 4367.83 4174.33 3971.58 3699.61 3297.37 2747.86 2158.51 1898.86 2236.18 2806.78 3309.33 3663.53 3877.40 3997.07 4085.76 4203.11 4380.73 4609.75 4851.46 5058.86 5190.83 5216.63 5114.18 4867.37 4462.37 3885.78 3123.47 2161.76 1004.60 556.53 1514.12 2150.27 2557.98 2910.64 3292.00 3662.06 3951.62 4124.72 4179.24 4129.28 3991.88 3784.04 3530.86 3276.30 3087.16 3039.13 3178.58 3484.94 3882.33 4287.55 4640.43 4907.57 5076.58 5150.30 5142.16 5071.65
4711.09 4563.13 4471.94 4467.76 4536.01 4623.00 4666.40 4620.93 4468.73 4224.89 3938.89 3684.52 3511.49 3386.42 3199.88 2833.63 2207.08 1306.69 688.63 1574.39 2493.31 3191.12 3683.41 4013.75 4235.38 4403.75 4565.26 4745.74 4944.99 5142.04 5305.08 5401.52 5403.06 5287.46 5037.59 4640.90 4090.27 3389.35 2574.84 1802.67 1502.02 1714.99 1903.90 1986.62 2215.11 2675.05 3166.17 3540.27 3762.81 3854.77 3850.40 3771.07 3618.99 3391.33 3104.91 2823.68 2674.91 2787.95 3153.75 3641.57 4131.51 4555.89 4883.79 5105.37 5223.35 5247.53 5191.33
