Loading files into QGIS/HighPlains.asc
NCOLS          140       
NROWS          111       
XLLCENTER      -101.60   
YLLCENTER      36.90     
DX             0.01      
DY             0.01      
NODATA_VALUE   -999.00   
[rows 0 to 28 of 111, columns 67 to 133 of 140]
2743.94 2741.47 2740.64 2740.82 2741.57 2742.58 2743.66 2744.68 2745.56 2746.31 2746.87 2747.13 2746.89 2746.05 2744.56 2742.34 2739.36 2735.65 2731.43 2727.34 2724.66 2724.32 2725.54 2727.16 2728.54 2729.26 2728.94 2727.27 2724.26 2720.18 2715.48 2710.58 2705.81 2701.38 2697.36 2693.73 2690.42 2687.43 2684.70 2682.22 2679.98 2677.96 2676.12 2674.48 2672.42 2668.49 2664.79 2661.42 2658.37 2655.63 2653.13 2650.75 2648.37 2645.83 2642.92 2639.46 2635.34 2630.61 2625.44 2620.02 2614.46 2608.84 2603.26 2597.80 2592.50 2587.35 2582.34
2751.10 2746.67 2744.43 2743.81 2744.17 2744.92 2745.65 2746.20 2746.63 2746.99 2747.27 2747.38 2746.89 2745.74 2743.95 2741.45 2738.19 2734.33 2730.17 2726.27 2723.34 2721.79 2721.37 2721.48 2721.56 2721.18 2720.00 2717.78 2714.53 2710.37 2705.63 2700.68 2695.95 2691.69 2687.93 2684.52 2681.39 2678.54 2676.07 2673.97 2672.12 2670.41 2668.72 2666.93 2664.55 2661.37 2658.00 2654.83 2651.99 2649.52 2647.36 2645.35 2643.29 2641.00 2638.30 2635.05 2631.25 2626.94 2622.26 2617.35 2612.34 2607.32 2602.31 2597.49 2592.97 2588.76 2584.77
2754.75 2749.14 2746.25 2745.42 2745.87 2746.70 2747.18 2747.22 2747.15 2747.15 2747.23 2747.25 2746.73 2745.55 2743.70 2741.06 2737.62 2733.55 2729.20 2725.05 2721.56 2719.01 2717.32 2716.17 2715.12 2713.78 2711.84 2709.09 2705.49 2701.08 2696.08 2690.87 2686.01 2681.98 2678.61 2675.50 2672.48 2669.68 2667.41 2665.70 2664.24 2662.75 2661.09 2659.12 2656.68 2653.77 2650.68 2647.73 2645.11 2642.95 2641.20 2639.69 2638.12 2636.20 2633.77 2630.76 2627.23 2623.28 2619.00 2614.54 2610.05 2605.61 2601.19 2596.92 2593.11 2589.80 2586.91
2753.08 2747.78 2745.23 2744.93 2746.17 2747.71 2748.00 2747.34 2746.75 2746.50 2746.51 2746.53 2746.23 2745.36 2743.70 2741.07 2737.44 2733.04 2728.26 2723.55 2719.33 2715.87 2713.19 2711.06 2709.11 2707.02 2704.46 2701.25 2697.29 2692.59 2687.23 2681.48 2676.16 2672.58 2669.88 2667.14 2664.15 2661.11 2658.91 2657.76 2656.69 2655.35 2653.66 2651.55 2649.00 2646.12 2643.11 2640.24 2637.77 2635.87 2634.60 2633.77 2632.92 2631.53 2629.39 2626.59 2623.28 2619.62 2615.67 2611.57 2607.44 2603.50 2599.58 2595.87 2592.68 2590.03 2588.00
2746.15 2742.46 2741.04 2741.75 2744.30 2747.81 2747.51 2745.81 2744.96 2744.75 2744.95 2745.28 2745.45 2745.13 2743.91 2741.41 2737.54 2732.62 2727.17 2721.71 2716.66 2712.33 2708.87 2706.05 2703.50 2700.85 2697.84 2694.28 2690.08 2685.19 2679.61 2673.39 2666.66 2664.44 2662.50 2660.05 2657.09 2653.61 2651.26 2650.81 2649.90 2648.53 2646.72 2644.41 2641.64 2638.61 2635.47 2632.49 2629.97 2628.22 2627.46 2627.53 2627.76 2627.06 2625.14 2622.45 2619.34 2615.93 2612.30 2608.43 2604.50 2600.71 2597.24 2594.18 2591.54 2589.31 2587.48
2735.64 2733.92 2733.90 2735.54 2738.61 2742.05 2742.36 2741.65 2741.42 2741.71 2742.40 2743.29 2744.17 2744.70 2744.27 2742.07 2737.79 2732.10 2725.82 2719.50 2713.51 2708.33 2704.32 2701.16 2698.27 2695.28 2691.97 2688.19 2683.89 2679.01 2673.61 2667.85 2662.52 2659.33 2657.05 2654.61 2651.83 2648.90 2646.71 2645.46 2644.16 2642.48 2640.36 2637.75 2634.73 2631.39 2627.91 2624.56 2621.71 2619.85 2619.46 2620.66 2622.66 2622.87 2620.81 2618.19 2615.34 2612.27 2608.94 2605.31 2601.42 2597.59 2594.47 2592.04 2589.88 2587.83 2585.82
2723.33 2723.39 2724.66 2726.98 2729.90 2732.44 2734.22 2735.36 2736.29 2737.39 2738.75 2740.33 2742.04 2743.66 2744.59 2743.07 2737.93 2731.16 2724.03 2716.92 2710.03 2703.80 2699.66 2696.56 2693.53 2690.32 2686.82 2682.95 2678.66 2673.97 2668.98 2663.96 2659.46 2655.96 2653.18 2650.60 2647.98 2645.43 2643.19 2641.30 2639.41 2637.26 2634.73 2631.77 2628.39 2624.67 2620.71 2616.74 2613.15 2610.61 2610.12 2612.25 2616.54 2617.84 2615.65 2613.50 2611.20 2608.65 2605.76 2602.45 2598.59 2594.30 2591.52 2589.81 2587.98 2585.98 2583.76
2710.66 2712.22 2714.56 2717.45 2720.58 2723.54 2726.07 2728.19 2730.09 2731.98 2734.00 2736.20 2738.58 2741.12 2743.75 2744.21 2736.80 2729.13 2721.55 2714.11 2706.82 2699.83 2695.78 2692.60 2689.36 2685.96 2682.33 2678.42 2674.23 2669.78 2665.21 2660.74 2656.66 2653.18 2650.22 2647.56 2645.02 2642.56 2640.19 2637.86 2635.45 2632.82 2629.87 2626.54 2622.80 2618.67 2614.19 2609.45 2604.74 2600.74 2599.22 2601.77 2606.32 2609.09 2609.29 2608.44 2607.01 2605.15 2602.87 2600.15 2596.73 2592.64 2589.84 2588.10 2586.21 2584.10 2581.67
2699.45 2701.94 2704.77 2707.98 2711.41 2714.77 2717.87 2720.67 2723.26 2725.75 2728.26 2730.85 2733.51 2736.15 2738.37 2737.88 2732.34 2725.35 2718.17 2711.04 2704.17 2698.01 2693.22 2689.37 2685.76 2682.14 2678.40 2674.49 2670.40 2666.19 2661.95 2657.85 2654.05 2650.67 2647.71 2645.06 2642.59 2640.17 2637.66 2634.97 2632.11 2629.04 2625.71 2622.07 2618.06 2613.63 2608.75 2603.40 2597.60 2591.48 2587.08 2591.18 2597.04 2601.10 2603.03 2603.49 2603.00 2601.85 2600.26 2598.32 2595.89 2592.29 2589.26 2586.90 2584.68 2582.31 2579.68
2692.47 2693.87 2696.12 2699.23 2702.79 2706.41 2709.87 2713.09 2716.09 2718.95 2721.74 2724.46 2727.05 2729.25 2730.42 2729.40 2725.63 2720.12 2713.91 2707.53 2701.32 2695.63 2690.72 2686.46 2682.53 2678.72 2674.89 2670.99 2667.01 2662.99 2659.01 2655.16 2651.57 2648.30 2645.38 2642.79 2640.45 2638.15 2635.53 2632.47 2629.20 2625.80 2622.21 2618.38 2614.23 2609.70 2604.73 2599.26 2593.24 2586.67 2581.17 2585.50 2591.31 2595.56 2598.11 2599.30 2599.44 2598.85 2597.72 2596.25 2594.22 2591.26 2588.37 2585.77 2583.24 2580.60 2577.75
2690.20 2688.22 2688.85 2691.52 2695.04 2698.72 2702.29 2705.66 2708.84 2711.84 2714.69 2717.38 2719.78 2721.59 2722.30 2721.35 2718.52 2714.22 2709.05 2703.52 2697.98 2692.72 2687.91 2683.52 2679.44 2675.51 2671.64 2667.78 2663.91 2660.05 2656.26 2652.59 2649.14 2645.95 2643.08 2640.54 2638.32 2636.34 2633.70 2630.15 2626.56 2622.95 2619.25 2615.36 2611.25 2606.87 2602.17 2597.17 2591.98 2587.15 2584.48 2585.86 2589.35 2592.62 2594.92 2596.17 2596.54 2596.19 2595.28 2593.91 2592.05 2589.66 2587.09 2584.46 2581.78 2578.92 2575.85
2693.25 2683.77 2682.75 2685.16 2688.45 2691.91 2695.31 2698.58 2701.68 2704.62 2707.38 2709.95 2712.20 2713.84 2714.48 2713.75 2711.57 2708.16 2703.87 2699.11 2694.19 2689.35 2684.75 2680.43 2676.33 2672.39 2668.55 2664.75 2660.98 2657.27 2653.62 2650.09 2646.73 2643.57 2640.66 2638.06 2635.80 2633.83 2631.20 2627.57 2623.96 2620.36 2616.69 2612.91 2609.00 2604.96 2600.79 2596.60 2592.58 2589.27 2587.55 2587.91 2589.66 2591.66 2593.21 2594.09 2594.28 2593.91 2593.04 2591.73 2590.01 2587.92 2585.57 2583.02 2580.25 2577.22 2573.92
2697.69 2678.30 2678.78 2680.76 2683.30 2686.10 2689.00 2691.91 2694.75 2697.46 2700.01 2702.40 2704.59 2706.30 2707.06 2706.62 2704.94 2702.17 2698.57 2694.44 2690.05 2685.62 2681.29 2677.12 2673.12 2669.26 2665.50 2661.81 2658.17 2654.58 2651.06 2647.63 2644.31 2641.14 2638.13 2635.33 2632.77 2630.37 2627.72 2624.65 2621.36 2617.94 2614.43 2610.85 2607.26 2603.68 2600.19 2596.86 2593.92 2591.66 2590.43 2590.33 2591.02 2591.92 2592.59 2592.82 2592.61 2591.99 2591.00 2589.68 2588.03 2586.12 2583.95 2581.49 2578.69 2575.48 2571.94
2706.10 2684.88 2679.51 2678.72 2679.54 2681.19 2683.30 2685.65 2688.09 2690.49 2692.76 2694.85 2697.14 2699.14 2700.14 2699.95 2698.62 2696.32 2693.23 2689.60 2685.65 2681.59 2677.54 2673.60 2669.77 2666.06 2662.44 2658.89 2655.40 2651.95 2648.54 2645.21 2641.93 2638.71 2635.56 2632.49 2629.56 2626.89 2624.42 2621.80 2618.89 2615.70 2612.36 2609.03 2605.78 2602.71 2599.90 2597.45 2595.43 2593.99 2593.15 2592.84 2592.82 2592.81 2592.60 2592.10 2591.31 2590.28 2589.06 2587.65 2586.05 2584.26 2582.26 2579.93 2577.11 2573.71 2569.83
2708.73 2691.14 2681.73 2677.73 2676.52 2676.82 2678.00 2679.70 2681.68 2683.78 2685.85 2687.76 2690.26 2692.60 2693.74 2693.67 2692.57 2690.61 2687.89 2684.63 2681.03 2677.29 2673.54 2669.84 2666.25 2662.74 2659.32 2655.94 2652.62 2649.34 2646.07 2642.83 2639.61 2636.39 2633.12 2629.77 2626.40 2623.49 2621.44 2619.36 2616.72 2613.64 2610.39 2607.23 2604.30 2601.73 2599.59 2597.94 2596.80 2596.10 2595.69 2595.35 2594.83 2594.01 2592.89 2591.57 2590.11 2588.59 2587.05 2585.52 2583.91 2582.24 2580.44 2578.32 2575.54 2571.89 2567.55
2704.45 2690.87 2681.39 2675.92 2673.28 2672.46 2672.80 2673.88 2675.42 2677.25 2679.28 2681.54 2684.18 2686.67 2687.75 2687.56 2686.64 2684.96 2682.52 2679.51 2676.18 2672.73 2669.27 2665.87 2662.55 2659.30 2656.10 2652.96 2649.84 2646.73 2643.62 2640.52 2637.39 2634.23 2630.99 2627.56 2623.77 2620.10 2619.33 2617.72 2614.98 2611.70 2608.35 2605.24 2602.55 2600.40 2598.88 2598.02 2597.75 2597.88 2598.07 2597.85 2596.89 2595.22 2593.13 2590.90 2588.73 2586.71 2584.82 2583.09 2581.47 2579.89 2578.31 2576.57 2574.07 2569.96 2564.92
2697.08 2686.42 2678.05 2672.44 2669.20 2667.71 2667.43 2667.99 2669.13 2670.70 2672.63 2674.93 2677.65 2680.69 2681.41 2681.11 2680.53 2679.28 2677.02 2674.13 2671.02 2667.86 2664.73 2661.66 2658.65 2655.70 2652.80 2649.91 2647.03 2644.13 2641.20 2638.24 2635.25 2632.25 2629.22 2626.15 2623.01 2620.41 2619.48 2617.18 2613.57 2609.66 2605.99 2602.80 2600.25 2598.46 2597.48 2597.34 2597.96 2599.10 2600.18 2600.30 2598.86 2596.14 2592.94 2589.76 2586.88 2584.36 2582.16 2580.24 2578.55 2576.98 2575.52 2574.14 2572.67 2567.36 2561.57
2688.32 2679.56 2672.45 2667.37 2664.14 2662.39 2661.74 2661.91 2662.69 2663.94 2665.61 2667.66 2670.00 2672.21 2673.38 2673.75 2673.90 2673.52 2671.14 2668.31 2665.46 2662.65 2659.89 2657.20 2654.57 2651.97 2649.39 2646.81 2644.18 2641.52 2638.77 2635.98 2633.14 2630.32 2627.58 2625.07 2623.11 2622.25 2621.51 2617.07 2611.82 2607.07 2602.98 2599.65 2597.16 2595.61 2595.05 2595.52 2597.00 2599.29 2601.76 2602.75 2600.54 2596.29 2591.78 2587.70 2584.24 2581.34 2578.91 2576.85 2575.05 2573.41 2571.80 2570.07 2567.56 2562.89 2557.20
2678.88 2671.30 2665.37 2661.13 2658.30 2656.58 2655.75 2655.62 2656.04 2656.93 2658.21 2659.82 2661.62 2663.32 2664.58 2665.43 2666.02 2666.02 2664.14 2661.78 2659.40 2657.05 2654.75 2652.50 2650.29 2648.10 2645.89 2643.64 2641.32 2638.89 2636.35 2633.70 2630.98 2628.26 2625.67 2623.41 2621.82 2621.27 2620.84 2614.77 2608.64 2603.38 2599.02 2595.56 2593.08 2591.65 2591.33 2592.19 2594.26 2597.53 2601.80 2605.17 2600.98 2594.59 2588.95 2584.29 2580.52 2577.49 2575.01 2572.92 2571.06 2569.26 2567.36 2565.05 2561.89 2557.47 2552.15
2669.17 2662.19 2657.54 2654.35 2652.07 2650.50 2649.57 2649.17 2649.24 2649.71 2650.54 2651.65 2652.95 2654.29 2655.48 2656.44 2657.08 2657.06 2656.13 2654.61 2652.89 2651.11 2649.34 2647.58 2645.84 2644.10 2642.31 2640.44 2638.45 2636.28 2633.92 2631.40 2628.71 2625.96 2623.27 2620.77 2618.61 2616.68 2613.92 2609.14 2603.57 2598.40 2593.98 2590.46 2587.93 2586.47 2586.18 2587.10 2589.23 2592.60 2597.10 2601.33 2596.28 2589.49 2583.78 2579.18 2575.57 2572.73 2570.45 2568.49 2566.68 2564.82 2562.69 2560.03 2556.58 2552.18 2546.99
2659.93 2652.75 2650.02 2647.80 2645.92 2644.45 2643.37 2642.70 2642.39 2642.40 2642.72 2643.32 2644.16 2645.16 2646.24 2647.23 2647.96 2648.22 2647.90 2647.12 2646.09 2644.91 2643.70 2642.48 2641.25 2639.99 2638.67 2637.22 2635.59 2633.71 2631.54 2629.08 2626.37 2623.45 2620.42 2617.36 2614.28 2611.02 2607.13 2602.41 2597.30 2592.38 2588.01 2584.41 2581.76 2580.17 2579.69 2580.33 2581.98 2584.43 2587.07 2588.13 2585.49 2580.81 2576.22 2572.40 2569.44 2567.16 2565.34 2563.73 2562.14 2560.32 2558.13 2555.33 2551.75 2547.33 2542.17
2653.96 2647.38 2644.38 2642.17 2640.26 2638.65 2637.34 2636.33 2635.61 2635.13 2634.91 2634.96 2635.31 2636.01 2636.99 2638.05 2638.98 2639.58 2639.77 2639.59 2639.14 2638.56 2637.90 2637.22 2636.52 2635.79 2634.97 2634.00 2632.77 2631.22 2629.25 2626.85 2624.03 2620.84 2617.37 2613.63 2609.62 2605.27 2600.52 2595.53 2590.55 2585.78 2581.42 2577.67 2574.77 2572.91 2572.12 2572.29 2573.19 2574.44 2575.40 2575.16 2573.17 2570.05 2566.89 2564.29 2562.38 2561.00 2559.90 2558.87 2557.64 2556.06 2553.93 2551.12 2547.53 2543.10 2537.92
2650.44 2644.49 2640.43 2637.53 2635.20 2633.24 2631.59 2630.19 2629.02 2628.05 2627.25 2626.69 2626.49 2626.88 2627.86 2629.10 2630.30 2631.24 2631.85 2632.15 2632.21 2632.14 2631.99 2631.83 2631.66 2631.49 2631.23 2630.80 2630.06 2628.87 2627.12 2624.76 2621.81 2618.32 2614.36 2609.97 2605.13 2599.82 2594.19 2588.76 2583.85 2579.15 2574.63 2570.56 2567.26 2565.02 2563.89 2563.60 2563.78 2563.98 2563.73 2562.65 2560.75 2558.51 2556.61 2555.38 2554.79 2554.59 2554.47 2554.17 2553.49 2552.24 2550.29 2547.56 2544.00 2539.58 2534.40
2647.26 2641.52 2636.99 2633.46 2630.61 2628.21 2626.16 2624.36 2622.76 2621.30 2619.94 2618.71 2617.80 2617.82 2618.99 2620.58 2622.08 2623.31 2624.24 2624.91 2625.36 2625.70 2626.01 2626.31 2626.67 2627.06 2627.41 2627.60 2627.45 2626.72 2625.25 2622.93 2619.81 2616.01 2611.61 2606.68 2601.20 2595.12 2588.47 2582.39 2577.86 2573.09 2568.18 2563.49 2559.57 2556.88 2555.51 2554.97 2554.63 2553.99 2552.77 2550.86 2548.62 2546.76 2545.92 2546.19 2547.18 2548.36 2549.39 2549.96 2549.90 2549.07 2547.38 2544.76 2541.24 2536.87 2531.71
2644.11 2638.41 2633.60 2629.63 2626.32 2623.50 2621.06 2618.90 2616.92 2615.07 2613.24 2611.41 2609.57 2608.92 2610.81 2612.79 2614.51 2615.91 2617.04 2617.93 2618.66 2619.30 2619.95 2620.66 2621.49 2622.44 2623.45 2624.37 2624.95 2624.82 2623.69 2621.41 2618.10 2613.97 2609.21 2603.91 2598.08 2591.69 2584.82 2578.53 2573.51 2568.24 2562.63 2556.97 2552.01 2548.82 2547.56 2547.14 2546.55 2545.30 2543.16 2540.23 2537.13 2535.10 2535.25 2537.31 2540.12 2542.86 2545.09 2546.56 2547.15 2546.76 2545.31 2542.82 2539.33 2534.95 2529.83
2640.90 2635.17 2630.16 2625.86 2622.19 2619.03 2616.27 2613.80 2611.55 2609.44 2607.39 2605.35 2603.35 2602.58 2604.24 2606.09 2607.73 2609.12 2610.29 2611.26 2612.11 2612.94 2613.81 2614.83 2616.05 2617.52 2619.21 2620.96 2622.48 2623.20 2622.53 2620.22 2616.61 2612.15 2607.13 2601.66 2595.77 2589.51 2583.05 2576.84 2570.99 2565.01 2558.59 2551.75 2545.08 2541.20 2540.94 2541.06 2540.42 2538.66 2535.68 2531.54 2526.86 2523.68 2525.07 2529.57 2534.43 2538.66 2541.98 2544.27 2545.45 2545.45 2544.24 2541.79 2538.21 2533.76 2528.63
2637.60 2631.78 2626.61 2622.09 2618.15 2614.73 2611.72 2609.06 2606.65 2604.44 2602.38 2600.50 2599.04 2598.53 2599.23 2600.46 2601.76 2602.95 2604.00 2604.91 2605.76 2606.61 2607.57 2608.75 2610.24 2612.13 2614.44 2617.10 2619.81 2621.81 2621.79 2619.23 2615.13 2610.34 2605.20 2599.77 2594.08 2588.14 2582.07 2575.99 2569.89 2563.57 2556.74 2549.25 2541.00 2536.04 2537.44 2537.79 2536.94 2534.77 2531.19 2526.12 2519.62 2512.83 2517.00 2524.57 2531.07 2536.37 2540.43 2543.27 2544.90 2545.24 2544.17 2541.65 2537.87 2533.18 2527.94
2634.15 2628.24 2622.94 2618.25 2614.13 2610.54 2607.38 2604.60 2602.15 2599.95 2598.01 2596.36 2595.18 2594.68 2594.91 2595.60 2596.48 2597.35 2598.16 2598.90 2599.60 2600.34 2601.22 2602.38 2603.95 2606.07 2608.83 2612.28 2616.29 2620.31 2621.46 2617.85 2613.09 2608.18 2603.18 2598.06 2592.76 2587.31 2581.69 2575.96 2570.05 2563.87 2557.30 2550.36 2543.67 2539.52 2538.49 2537.89 2536.50 2534.01 2530.25 2525.21 2519.11 2513.86 2517.17 2524.29 2530.86 2536.33 2540.61 2543.66 2545.49 2546.05 2545.11 2542.32 2538.07 2533.01 2527.57
2630.52 2624.51 2619.12 2614.32 2610.10 2606.40 2603.19 2600.39 2597.96 2595.85 2594.05 2592.59 2591.55 2591.00 2590.95 2591.24 2591.73 2592.25 2592.76 2593.22 2593.65 2594.12 2594.76 2595.70 2597.11 2599.19 2602.08 2605.90 2610.64 2616.16 2618.98 2614.32 2609.74 2605.28 2600.85 2596.34 2591.69 2586.88 2581.89 2576.71 2571.32 2565.68 2559.83 2553.95 2548.64 2544.79 2542.51 2540.81 2538.85 2536.19 2532.67 2528.47 2524.27 2521.92 2523.58 2528.21 2533.54 2538.43 2542.38 2545.23 2546.94 2547.57 2546.97 2543.51 2538.44 2532.94 2527.24
