Loading files into QGIS/HighPlainsVar.asc
NCOLS          140       
NROWS          111       
XLLCENTER      -101.60   
YLLCENTER      36.90     
DX             0.01      
DY             0.01      
NODATA_VALUE   -999.00   
[rows 58 to 86 of 111, columns 0 to 66 of 140]
3972.87 3300.53 2515.86 1736.49 1390.49 1786.92 2393.43 2906.44 3245.63 3378.89 3291.69 2992.22 2524.06 2028.03 1843.69 2187.10 2738.30 3209.69 3498.71 3576.29 3441.31 3110.50 2631.41 2129.26 1874.54 2056.93 2436.94 2735.21 2833.02 2715.07 2460.88 2275.99 2370.59 2670.83 2959.13 3107.85 3069.13 2827.81 2374.18 1689.09 809.31 955.49 1913.32 2665.47 3163.67 3422.88 3473.95 3358.84 3123.95 2808.61 2458.09 2176.49 2126.99 2315.74 2545.92 2667.02 2665.98 2654.62 2773.64 3025.61 3293.41 3486.00 3585.52 3628.38 3679.05 3790.58 3974.95
4122.03 3528.80 2883.45 2316.27 2028.88 2117.60 2448.76 2839.26 3156.17 3320.40 3304.35 3126.10 2851.84 2606.46 2550.99 2751.74 3098.89 3433.12 3648.71 3697.11 3567.41 3280.98 2900.24 2540.94 2349.90 2395.17 2576.64 2718.02 2679.21 2387.02 1859.74 1391.03 1637.88 2262.49 2761.34 3023.08 3039.84 2831.53 2440.95 1950.12 1566.79 1674.68 2230.59 2835.34 3299.12 3568.20 3636.68 3515.85 3219.89 2756.96 2147.71 1533.42 1430.65 1945.40 2490.36 2861.71 3069.39 3190.91 3300.92 3414.90 3491.53 3487.35 3399.66 3280.26 3228.33 3329.45 3582.38
4279.24 3740.25 3150.62 2600.92 2210.18 2092.63 2280.76 2647.78 2999.40 3215.04 3262.18 3169.85 3014.01 2898.34 2914.83 3086.61 3351.41 3608.33 3772.18 3792.51 3652.09 3367.67 2994.33 2631.87 2406.49 2394.62 2526.58 2629.30 2543.77 2170.26 1443.72 316.07 1048.05 2010.32 2633.92 2948.30 2980.43 2771.82 2404.76 2034.64 1875.88 2062.44 2513.11 3026.95 3451.66 3712.83 3782.62 3651.93 3313.91 2753.88 1944.64 855.24 568.77 1693.96 2510.71 3055.57 3390.08 3580.08 3676.05 3693.56 3617.19 3424.86 3119.98 2771.09 2549.04 2645.99 3030.49
4424.90 3902.26 3291.47 2634.71 2007.58 1618.82 1786.95 2303.20 2768.70 3045.43 3125.29 3057.89 2935.12 2871.71 2949.07 3162.77 3439.74 3689.67 3839.76 3844.21 3682.61 3359.96 2910.41 2416.92 2053.45 2026.31 2259.37 2456.72 2434.79 2136.27 1596.57 1102.88 1406.53 2099.92 2642.50 2920.70 2914.65 2641.93 2174.57 1717.61 1648.41 2043.80 2611.91 3158.13 3587.52 3853.17 3931.95 3812.95 3488.50 2953.30 2217.99 1419.11 1286.77 2020.89 2768.58 3324.02 3685.91 3886.59 3953.06 3894.08 3698.17 3344.40 2820.93 2167.94 1627.10 1754.11 2403.77
4565.34 4044.91 3393.71 2608.73 1678.63 714.13 1086.74 1952.76 2533.97 2833.42 2894.40 2777.05 2591.97 2514.79 2670.58 3003.35 3374.39 3678.06 3851.59 3858.86 3681.04 3309.78 2748.53 2025.77 1319.12 1305.94 1851.74 2231.84 2311.62 2126.00 1815.12 1650.04 1858.83 2311.72 2728.02 2941.08 2880.54 2520.82 1865.02 1015.37 949.09 1819.17 2618.26 3250.33 3709.58 3991.24 4091.91 4010.96 3753.59 3339.69 2833.09 2409.26 2358.40 2727.20 3234.81 3677.37 3986.03 4150.37 4174.07 4055.11 3780.14 3324.41 2657.74 1749.77 609.32 903.08 1931.09
4718.30 4214.72 3566.35 2764.75 1805.88 856.21 1127.48 1883.96 2378.01 2605.45 2596.72 2367.96 2001.14 1813.37 2122.80 2686.98 3218.53 3611.53 3830.10 3858.38 3684.56 3297.07 2681.94 1819.25 676.59 678.61 1560.53 2017.28 2133.07 1957.91 1656.02 1593.34 1926.61 2408.35 2806.96 2997.95 2921.20 2547.08 1863.08 918.73 856.27 1870.49 2724.29 3373.73 3837.31 4127.66 4253.47 4225.06 4058.57 3788.75 3484.42 3262.56 3245.29 3448.00 3761.41 4063.23 4280.80 4383.38 4358.74 4198.27 3889.07 3413.03 2753.89 1921.50 1108.59 1177.90 1837.08
4890.42 4431.39 3845.11 3150.07 2417.32 1872.70 1818.76 2062.16 2263.16 2337.52 2265.81 1959.09 1322.85 746.59 1501.11 2393.82 3077.81 3544.39 3803.64 3861.25 3716.47 3365.00 2806.81 2074.24 1351.10 1190.28 1502.35 1796.70 1901.34 1658.93 1073.79 973.06 1724.50 2410.04 2873.56 3087.79 3044.81 2755.98 2277.41 1812.72 1819.00 2355.15 3000.65 3555.99 3974.42 4251.50 4395.07 4417.64 4339.62 4195.14 4036.19 3930.99 3935.57 4054.99 4239.11 4419.51 4542.02 4575.40 4504.16 4318.94 4012.13 3577.55 3023.49 2406.13 1897.40 1726.23 1848.14
5071.81 4677.80 4182.29 3616.99 3053.68 2606.50 2346.92 2194.95 2042.83 1931.58 1900.01 1734.39 1202.33 627.28 1457.49 2366.37 3049.29 3514.97 3784.09 3867.72 3769.06 3488.62 3038.62 2467.90 1896.22 1462.23 1234.56 1413.79 1676.07 1533.40 854.73 717.03 1734.64 2497.92 2980.31 3207.13 3207.18 3027.46 2755.51 2547.88 2585.96 2895.09 3328.76 3749.51 4091.75 4335.97 4484.37 4548.37 4545.47 4500.81 4446.55 4418.67 4442.00 4517.13 4616.66 4702.55 4739.78 4706.35 4591.38 4390.94 4104.28 3732.94 3288.02 2804.06 2340.25 1936.43 1602.91
5241.35 4918.56 4511.39 4046.99 3567.14 3111.52 2678.79 2201.45 1633.55 1231.47 1448.22 1703.78 1673.96 1650.97 2032.28 2610.60 3127.46 3511.52 3754.58 3856.82 3813.07 3616.76 3270.65 2792.67 2202.82 1466.08 488.79 915.73 1611.51 1782.59 1625.33 1695.23 2214.95 2768.05 3151.48 3333.59 3339.59 3224.98 3074.18 2989.77 3053.10 3269.39 3571.50 3879.11 4142.40 4344.12 4486.75 4581.45 4640.99 4677.84 4705.89 4738.57 4782.87 4834.72 4877.85 4890.12 4852.31 4753.82 4594.05 4378.79 4114.58 3805.38 3450.03 3043.30 2567.74 1968.84 1161.09
5376.98 5123.56 4793.11 4401.58 3966.03 3490.62 2946.23 2261.21 1338.27 97.97 1137.03 1824.84 2139.59 2320.85 2567.86 2888.86 3204.66 3469.92 3670.05 3792.49 3814.86 3713.95 3473.73 3087.18 2544.84 1834.47 1130.65 1336.50 1938.88 2265.56 2381.26 2525.59 2809.10 3123.19 3344.23 3425.10 3379.30 3261.63 3152.35 3127.65 3223.07 3418.49 3658.93 3890.43 4084.16 4238.58 4367.87 4487.22 4603.55 4715.74 4818.95 4908.23 4978.53 5021.43 5024.97 4976.99 4869.03 4702.43 4488.49 4247.72 3999.05 3749.38 3483.94 3167.11 2746.06 2154.42 1358.32
5461.13 5274.05 5011.04 4680.56 4286.88 3824.75 3270.65 2592.52 1809.75 1279.74 1629.73 2188.74 2551.65 2757.40 2902.42 3034.11 3164.80 3308.45 3472.09 3634.46 3748.21 3764.76 3652.33 3398.13 3011.23 2552.35 2220.31 2274.48 2583.04 2856.73 3027.92 3164.93 3313.20 3442.42 3494.89 3438.55 3284.26 3090.48 2954.26 2960.70 3115.11 3347.90 3579.85 3763.55 3892.34 3991.04 4098.62 4241.92 4421.30 4615.73 4799.34 4950.39 5054.05 5097.99 5073.00 4971.54 4792.90 4546.98 4259.15 3969.51 3721.28 3533.95 3382.49 3206.59 2941.51 2556.07 2128.14
5484.58 5360.61 5160.12 4888.52 4548.91 4139.94 3658.62 3118.97 2605.11 2324.12 2420.62 2700.27 2929.91 3040.30 3048.13 2992.71 2932.98 2952.25 3105.37 3353.85 3601.93 3766.71 3805.43 3710.87 3508.51 3269.08 3111.46 3129.95 3283.70 3455.56 3580.63 3657.29 3692.48 3671.69 3566.02 3355.46 3046.41 2698.37 2458.09 2493.18 2770.78 3106.15 3368.43 3514.21 3563.68 3582.48 3654.17 3829.01 4092.90 4391.58 4670.76 4893.38 5037.97 5091.50 5045.43 4895.33 4642.58 4301.23 3907.14 3526.48 3248.40 3130.22 3134.98 3159.02 3114.59 2981.73 2827.48
5443.79 5378.13 5235.55 5022.75 4746.81 4413.66 4034.81 3640.62 3298.97 3102.75 3089.36 3177.27 3244.03 3210.83 3051.56 2780.66 2481.32 2343.24 2534.48 2954.83 3394.68 3733.73 3932.27 3995.12 3955.62 3872.57 3816.33 3831.71 3906.84 3990.52 4038.85 4030.89 3956.71 3803.12 3553.64 3193.37 2713.34 2134.06 1652.42 1750.67 2290.67 2793.57 3097.69 3189.21 3118.93 3004.27 3011.79 3241.69 3637.28 4076.02 4469.59 4772.58 4963.63 5032.46 4972.62 4780.00 4454.35 4005.14 3466.08 2923.68 2549.80 2513.16 2745.06 3027.94 3228.57 3323.05 3356.46
5340.09 5324.92 5231.87 5073.19 4860.56 4605.72 4323.91 4041.41 3799.46 3637.69 3563.29 3531.40 3467.62 3303.02 2986.04 2491.13 1862.87 1435.33 1787.83 2521.88 3194.34 3703.56 4043.52 4237.61 4323.98 4349.70 4359.94 4382.32 4413.94 4430.10 4400.99 4304.73 4124.85 3849.44 3471.47 2988.32 2389.76 1623.70 631.76 957.95 1921.33 2557.99 2863.98 2864.35 2615.13 2266.27 2146.65 2500.26 3113.06 3730.85 4247.14 4628.22 4863.99 4950.49 4884.71 4662.82 4279.24 3732.09 3031.71 2237.57 1606.66 1689.33 2286.84 2873.55 3303.52 3578.13 3740.92
5180.21 5200.35 5142.58 5025.88 4868.21 4681.85 4480.13 4278.02 4095.65 3949.83 3839.00 3736.75 3593.68 3350.83 2946.56 2320.22 1413.69 235.00 1211.71 2284.00 3112.24 3725.65 4156.55 4439.26 4611.56 4709.99 4765.92 4797.11 4803.47 4769.97 4675.45 4498.18 4220.77 3831.97 3332.28 2745.73 2123.23 1495.34 912.26 1175.00 1953.89 2511.16 2741.89 2631.74 2186.15 1470.89 1032.22 1738.14 2663.22 3450.02 4061.48 4498.57 4766.77 4869.30 4806.75 4575.65 4168.84 3575.19 2780.74 1770.57 563.05 930.37 2010.81 2825.60 3402.77 3786.82 4024.93
4973.21 5004.77 4959.82 4867.54 4750.21 4620.79 4483.34 4340.38 4195.87 4056.52 3923.36 3786.28 3616.04 3367.61 2986.52 2428.05 1705.25 1156.79 1599.91 2452.42 3217.74 3824.51 4278.42 4602.09 4822.26 4965.62 5052.32 5093.15 5086.30 5020.03 4876.44 4634.80 4275.72 3784.54 3158.87 2433.03 1745.15 1379.21 1409.80 1741.93 2230.29 2611.50 2740.23 2560.97 2046.55 1183.44 383.97 1471.18 2498.21 3322.00 3954.37 4406.43 4686.56 4799.74 4748.71 4532.80 4148.41 3590.63 2858.63 1979.78 1185.43 1379.76 2225.67 2993.70 3577.19 3984.62 4243.85
4730.02 4738.87 4676.39 4584.05 4491.97 4410.47 4331.03 4236.83 4117.45 3974.83 3821.25 3668.88 3513.36 3323.87 3057.22 2695.85 2306.31 2112.05 2339.69 2866.94 3450.42 3970.35 4392.50 4716.61 4955.34 5123.59 5231.84 5284.04 5275.44 5193.84 5022.26 4740.48 4327.66 3763.37 3031.30 2125.74 1112.75 794.93 1461.16 2025.50 2457.89 2734.19 2798.83 2620.95 2214.04 1692.83 1462.37 1912.69 2646.38 3346.91 3922.70 4348.65 4619.66 4736.59 4702.67 4521.43 4198.10 3743.04 3184.15 2606.59 2224.07 2310.18 2781.19 3337.23 3817.79 4176.77 4411.52
4460.32 4405.21 4285.45 4162.02 4080.39 4048.27 4033.08 3989.92 3887.62 3725.26 3534.08 3364.30 3247.62 3162.89 3055.97 2902.31 2751.25 2718.45 2893.69 3247.77 3676.35 4094.86 4461.12 4763.10 5002.52 5184.54 5311.56 5380.44 5382.93 5304.58 5128.79 4836.69 4408.84 3826.90 3074.75 2142.97 1072.30 752.34 1568.17 2174.66 2570.22 2791.39 2828.70 2679.55 2395.62 2118.41 2063.68 2351.21 2864.74 3423.47 3917.50 4297.82 4546.63 4660.77 4644.51 4506.60 4261.28 3931.19 3556.95 3215.19 3024.51 3081.35 3354.46 3718.28 4064.76 4339.02 4521.64
4177.09 4011.91 3784.49 3586.92 3502.36 3537.66 3616.18 3641.54 3553.22 3344.49 3070.13 2846.07 2777.50 2837.98 2910.09 2931.33 2933.97 2995.66 3172.10 3455.06 3792.42 4131.82 4442.91 4715.59 4949.44 5143.31 5292.69 5388.06 5416.10 5360.63 5205.28 4933.18 4530.32 3988.77 3314.20 2552.58 1871.93 1647.17 1913.66 2269.66 2556.18 2733.95 2759.99 2615.39 2360.14 2154.97 2184.30 2488.02 2952.51 3445.11 3880.76 4217.61 4439.81 4545.67 4541.89 4443.42 4272.14 4056.75 3834.16 3654.62 3574.18 3627.36 3796.99 4024.61 4249.75 4432.70 4553.63
3902.11 3586.35 3186.64 2845.87 2741.38 2897.00 3130.21 3258.42 3189.57 2906.08 2470.70 2091.14 2074.23 2355.28 2621.28 2765.16 2846.41 2964.46 3171.43 3449.08 3750.46 4039.80 4305.20 4550.48 4780.29 4992.12 5174.12 5309.21 5379.33 5365.99 5252.69 5026.05 4677.15 4208.43 3640.82 3034.67 2507.98 2197.25 2117.87 2188.55 2358.13 2534.05 2578.66 2407.05 2051.78 1744.64 1848.69 2318.88 2870.85 3370.29 3776.38 4078.19 4273.39 4364.83 4362.86 4288.96 4173.90 4050.53 3947.03 3887.30 3887.47 3952.01 4065.90 4199.77 4324.57 4422.15 4482.37
3675.32 3195.61 2562.02 1945.45 1781.41 2189.94 2669.61 2935.46 2902.57 2548.60 1891.45 1114.40 1179.50 1848.15 2276.21 2438.10 2497.74 2639.85 2915.44 3245.51 3551.00 3806.69 4028.92 4247.33 4480.53 4723.58 4954.25 5146.47 5276.03 5322.22 5268.85 5104.63 4824.24 4433.50 3951.99 3420.14 2893.85 2416.44 2012.58 1783.85 1904.45 2205.61 2349.42 2167.25 1620.70 899.83 1180.07 2017.96 2705.87 3219.60 3595.72 3861.88 4028.80 4099.33 4083.80 4010.43 3924.81 3870.07 3867.22 3912.80 3989.51 4078.35 4161.69 4225.30 4263.08 4279.29 4283.38
3550.76 2960.95 2125.77 1069.99 669.29 1651.96 2394.05 2777.39 2794.73 2446.30 1733.80 705.11 825.44 1645.81 2015.82 2009.73 1885.20 2031.61 2464.49 2909.05 3234.92 3445.62 3604.75 3789.08 4037.14 4333.52 4636.00 4904.55 5109.79 5230.36 5250.69 5159.86 4953.63 4635.30 4216.22 3712.81 3135.70 2475.34 1706.68 978.97 1216.76 1876.94 2209.15 2105.55 1552.78 663.86 1029.58 1937.03 2587.16 3028.25 3334.40 3554.33 3695.89 3743.92 3695.84 3587.83 3494.76 3489.67 3589.46 3750.96 3916.20 4042.60 4108.36 4109.10 4058.18 3986.91 3932.93
3565.74 2990.18 2193.45 1256.73 959.41 1755.13 2456.46 2843.98 2900.31 2644.10 2143.92 1634.48 1594.01 1873.94 1937.30 1600.93 1003.27 1205.14 1987.37 2566.50 2876.82 2986.07 3027.84 3157.59 3443.54 3829.35 4230.34 4593.40 4888.35 5095.05 5198.52 5187.79 5058.95 4811.44 4449.34 3974.40 3379.25 2637.52 1703.42 601.44 994.64 1857.05 2297.49 2322.53 2018.90 1668.74 1757.47 2173.01 2541.43 2785.64 2966.24 3137.02 3276.03 3315.65 3217.86 3022.84 2863.28 2893.93 3129.35 3444.62 3720.80 3895.56 3947.28 3879.44 3722.11 3536.44 3409.09
3701.67 3251.88 2683.95 2165.62 2035.87 2373.03 2811.49 3099.83 3160.59 3001.51 2699.13 2409.66 2281.70 2244.18 2059.82 1543.71 652.27 916.58 1826.60 2374.71 2566.18 2477.15 2293.12 2329.14 2711.99 3241.40 3762.82 4229.41 4622.39 4923.18 5116.38 5191.12 5142.61 4969.77 4674.02 4256.38 3714.55 3050.93 2314.10 1752.11 1832.79 2298.56 2642.24 2726.41 2602.57 2435.56 2392.86 2450.50 2473.42 2430.39 2433.28 2584.68 2789.42 2866.66 2716.43 2361.13 2017.64 2079.77 2547.14 3074.76 3478.22 3701.53 3734.50 3586.53 3292.01 2937.23 2688.58
3895.16 3606.26 3257.37 2972.80 2892.96 3036.63 3267.09 3437.91 3472.35 3362.96 3154.89 2927.12 2736.45 2556.80 2300.79 1915.89 1549.41 1644.33 2086.23 2395.73 2386.09 2026.16 1437.28 1284.48 1934.45 2643.75 3268.90 3831.98 4325.99 4726.75 5013.61 5175.82 5209.50 5116.60 4900.71 4568.04 4131.16 3621.47 3119.54 2785.92 2760.80 2950.32 3134.32 3190.32 3115.29 2973.26 2818.02 2626.72 2328.10 1919.61 1655.59 1891.47 2304.23 2495.30 2327.86 1779.01 997.51 1124.01 2027.42 2777.85 3278.42 3527.33 3532.48 3301.92 2852.83 2250.95 1751.52
4081.61 3934.23 3738.80 3576.43 3516.02 3567.28 3671.87 3750.53 3746.94 3643.05 3453.90 3215.01 2959.76 2704.32 2457.37 2245.68 2144.82 2240.96 2452.55 2562.11 2399.07 1872.55 936.25 417.41 1418.81 2118.75 2763.10 3414.33 4018.14 4522.71 4902.53 5149.28 5263.74 5251.75 5122.01 4887.20 4568.94 4206.43 3866.20 3633.35 3557.17 3594.67 3644.22 3627.93 3523.06 3341.41 3089.66 2734.59 2203.18 1417.30 553.89 1230.69 1988.02 2323.38 2215.89 1671.38 780.75 935.96 1932.83 2697.69 3190.37 3419.26 3391.09 3104.99 2552.29 1719.52 670.60
4221.82 4176.37 4073.90 3972.35 3915.59 3916.17 3948.10 3966.72 3929.51 3809.51 3599.43 3308.21 2960.25 2608.43 2347.37 2266.05 2361.11 2554.92 2738.63 2787.31 2600.07 2137.78 1500.50 1154.76 1278.46 1577.87 2211.88 2999.57 3732.83 4338.34 4799.92 5119.64 5305.95 5369.60 5323.51 5183.59 4973.30 4727.54 4491.10 4309.45 4202.19 4146.59 4091.44 3990.98 3821.72 3579.48 3259.75 2838.45 2268.40 1508.83 827.72 1342.70 2049.08 2412.86 2403.71 2091.37 1723.86 1793.81 2302.60 2836.13 3211.25 3376.91 3318.76 3031.54 2511.76 1770.34 988.23
4302.33 4313.99 4254.08 4170.60 4102.74 4068.33 4059.96 4048.54 3995.05 3862.44 3622.71 3261.20 2782.73 2250.27 1868.65 1910.03 2264.98 2649.58 2923.05 3016.98 2892.94 2558.22 2092.97 1607.07 1038.20 724.27 1675.60 2688.81 3535.30 4208.63 4722.25 5091.99 5333.89 5461.61 5489.17 5432.81 5312.37 5154.04 4986.23 4833.46 4703.19 4582.55 4442.97 4257.10 4009.48 3698.41 3331.84 2917.00 2462.67 2018.11 1789.13 2002.14 2408.84 2688.79 2741.84 2616.03 2472.96 2506.48 2741.79 3037.82 3264.60 3351.51 3271.18 3024.25 2638.92 2192.02 1889.50
4322.68 4347.06 4285.57 4183.30 4083.13 4016.82 3990.08 3979.41 3940.16 3820.07 3573.00 3161.74 2558.82 1763.66 990.43 1255.98 2035.11 2654.46 3053.02 3230.25 3191.58 2956.36 2555.96 1994.79 1214.22 727.11 1670.27 2666.83 3495.52 4159.08 4675.45 5063.63 5339.79 5516.49 5605.32 5618.92 5571.20 5479.15 5359.45 5224.58 5076.35 4905.30 4694.14 4424.76 4088.82 3693.71 3268.36 2863.66 2538.99 2347.09 2338.18 2522.63 2791.75 2998.64 3069.70 3023.72 2946.82 2933.49 3015.05 3146.31 3253.46 3272.34 3171.10 2962.90 2706.59 2494.65 2439.04
