Loading files into QGIS/HighPlainsVar.asc
NCOLS          140       
NROWS          111       
XLLCENTER      -101.60   
YLLCENTER      36.90     
DX             0.01      
DY             0.01      
NODATA_VALUE   -999.00   
[rows 29 to 57 of 111, columns 0 to 66 of 140]
4038.90 3822.29 3690.42 3716.46 3875.12 4063.46 4178.95 4156.43 3970.83 3637.61 3227.25 2881.10 2745.53 2782.69 2785.67 2578.08 2073.42 1276.80 749.03 1593.00 2507.59 3221.55 3743.64 4113.27 4378.02 4584.96 4772.04 4960.81 5153.29 5335.44 5482.98 5569.28 5569.49 5463.35 5236.58 4881.63 4401.30 3816.67 3185.24 2624.09 2261.01 2034.80 1711.61 1253.54 1323.64 2047.66 2707.03 3138.04 3361.69 3445.86 3459.87 3432.38 3337.83 3128.51 2778.30 2329.01 1986.52 2106.45 2655.25 3315.30 3925.17 4431.87 4818.94 5084.92 5235.38 5279.30 5226.11
3346.94 2997.21 2766.99 2843.12 3164.93 3514.98 3737.07 3755.73 3542.76 3103.76 2497.95 1935.11 1840.96 2181.63 2477.85 2518.15 2292.29 1935.65 1814.27 2199.90 2808.06 3375.70 3827.26 4165.38 4421.07 4632.15 4829.55 5030.12 5233.50 5425.60 5584.17 5684.91 5705.53 5629.05 5444.62 5149.68 4752.81 4278.37 3770.81 3286.00 2847.10 2381.04 1730.15 735.97 645.03 1711.94 2411.47 2791.60 2926.91 2931.22 2932.53 2975.28 2977.66 2822.57 2431.71 1780.32 1014.16 1221.77 2146.84 3005.80 3725.56 4299.97 4731.54 5027.57 5197.84 5251.64 5196.01
2731.14 2160.30 1687.06 1871.72 2494.99 3063.06 3407.35 3480.16 3265.40 2756.00 1955.35 937.43 853.55 1735.48 2318.59 2572.66 2585.77 2508.65 2536.30 2776.92 3157.67 3550.51 3883.35 4142.70 4349.71 4537.93 4735.61 4954.07 5186.26 5412.01 5605.97 5743.21 5803.23 5771.50 5640.65 5411.23 5093.09 4705.97 4277.15 3829.60 3360.23 2826.01 2178.91 1522.30 1417.04 1895.15 2326.78 2514.90 2457.73 2276.95 2226.49 2406.88 2589.95 2554.97 2207.81 1535.98 624.26 881.27 1904.33 2819.48 3584.03 4188.47 4637.90 4944.06 5119.82 5175.77 5117.34
2350.86 1580.71 512.27 1055.82 2089.32 2823.64 3249.41 3370.88 3191.98 2717.39 1963.33 1047.50 977.75 1773.83 2356.63 2665.15 2786.45 2841.38 2940.87 3134.64 3392.26 3648.41 3856.99 4011.98 4141.39 4287.13 4482.24 4731.48 5014.94 5299.47 5551.81 5744.64 5858.35 5881.14 5808.52 5642.86 5393.35 5074.56 4702.97 4289.57 3833.37 3326.57 2789.69 2336.10 2149.70 2219.80 2323.50 2281.20 1990.88 1478.01 1288.66 1801.10 2265.21 2385.51 2121.79 1534.91 928.33 1069.25 1883.69 2763.64 3518.22 4111.30 4546.43 4838.47 5004.00 5055.54 4998.20
2324.89 1710.89 1052.90 1369.88 2199.85 2869.29 3279.66 3420.76 3301.66 2948.86 2434.98 1963.00 1888.27 2194.53 2518.66 2714.73 2815.94 2909.19 3054.49 3252.34 3459.39 3623.76 3717.27 3750.33 3774.44 3860.61 4058.45 4363.77 4730.03 5101.36 5433.38 5696.26 5872.66 5954.13 5939.13 5831.91 5640.87 5377.35 5052.65 4675.03 4249.04 3782.94 3305.84 2879.91 2568.89 2371.96 2228.56 2050.55 1681.53 915.53 380.71 1499.57 2160.80 2375.78 2161.34 1539.19 508.83 839.10 1928.45 2817.74 3529.06 4069.92 4455.38 4706.29 4844.14 4885.05 4835.25
2546.74 2263.60 2048.30 2208.69 2664.42 3126.88 3445.23 3572.65 3507.40 3280.29 2964.21 2685.70 2569.03 2597.51 2640.44 2628.29 2613.05 2695.28 2901.68 3158.31 3373.46 3484.85 3470.57 3358.09 3235.56 3237.35 3457.39 3865.10 4357.38 4844.36 5271.74 5612.17 5853.29 5991.72 6029.63 5973.13 5830.91 5612.78 5327.99 4983.81 4586.12 4143.30 3670.89 3190.64 2718.63 2267.94 1903.15 1727.01 1607.35 1336.35 1301.24 1857.16 2375.46 2576.75 2416.14 1931.13 1365.34 1525.78 2285.30 3024.69 3618.89 4057.43 4354.28 4533.92 4624.28 4647.59 4612.49
2809.13 2782.92 2771.93 2898.78 3156.52 3437.96 3648.66 3741.92 3709.08 3568.77 3366.63 3162.16 2993.65 2837.84 2629.70 2350.42 2122.62 2180.04 2524.52 2918.95 3195.23 3283.13 3166.61 2876.67 2533.04 2396.52 2687.52 3282.36 3951.78 4573.11 5098.52 5512.23 5811.25 5998.67 6080.57 6065.34 5962.29 5780.87 5529.44 5214.36 4839.74 4407.83 3918.25 3363.90 2725.70 1985.74 1250.88 1148.72 1564.02 1844.58 2095.74 2461.20 2803.27 2958.51 2874.69 2612.41 2382.68 2473.86 2879.29 3360.03 3768.16 4056.32 4225.48 4301.13 4320.38 4316.96 4304.25
3000.24 3153.61 3254.74 3371.34 3521.59 3675.54 3793.13 3847.14 3827.44 3738.68 3597.84 3423.33 3215.20 2937.80 2528.38 1945.19 1326.49 1374.32 2050.11 2656.82 3016.86 3098.83 2896.64 2421.52 1750.04 1315.75 1833.59 2742.48 3608.17 4347.75 4949.67 5417.37 5758.09 5980.53 6094.13 6108.79 6034.68 5881.49 5657.49 5368.57 5016.65 4599.09 4105.67 3515.47 2791.98 1882.90 730.64 680.02 1650.97 2260.20 2679.62 3025.03 3292.25 3428.28 3415.36 3305.47 3218.38 3272.87 3474.62 3726.61 3932.39 4042.26 4050.57 3986.32 3903.75 3860.16 3880.38
3121.03 3390.46 3546.35 3643.69 3714.62 3770.04 3808.71 3824.80 3809.90 3754.49 3653.25 3503.21 3289.24 2970.87 2479.97 1733.59 650.27 733.00 1814.99 2541.13 2932.65 3004.55 2762.49 2200.50 1299.24 38.86 1338.61 2484.03 3438.79 4223.36 4853.56 5342.28 5701.19 5940.71 6071.21 6103.12 6047.14 5913.52 5711.37 5447.11 5122.94 4735.23 4272.99 3718.71 3054.36 2291.32 1604.41 1577.08 2158.35 2736.55 3182.90 3521.12 3763.06 3900.84 3938.53 3912.13 3883.57 3904.79 3977.37 4053.90 4074.85 4000.49 3823.65 3578.55 3347.68 3240.67 3313.38
3235.39 3544.41 3698.91 3747.31 3731.76 3688.26 3649.05 3630.91 3624.61 3601.50 3536.46 3419.87 3242.70 2977.05 2574.53 2008.44 1430.48 1473.75 2098.84 2663.07 2979.41 3019.78 2791.04 2317.32 1681.07 1286.03 1772.16 2641.18 3483.78 4213.32 4814.53 5288.26 5640.33 5878.15 6010.53 6046.76 5997.51 5873.96 5687.16 5446.17 5155.91 4815.68 4419.60 3961.15 3447.57 2932.26 2566.55 2550.87 2861.20 3275.04 3652.98 3956.99 4180.57 4322.96 4391.53 4407.46 4400.29 4390.69 4373.98 4319.84 4187.00 3941.23 3569.69 3100.68 2643.21 2421.13 2592.98
3397.76 3660.76 3757.04 3718.82 3587.68 3419.63 3285.12 3236.67 3258.54 3280.97 3251.60 3170.42 3060.59 2920.93 2719.75 2457.33 2251.89 2306.89 2609.83 2930.49 3108.00 3089.89 2888.55 2561.63 2231.97 2123.96 2416.91 2996.41 3654.77 4274.66 4808.93 5240.90 5566.55 5787.39 5908.37 5936.81 5882.54 5758.26 5578.09 5355.86 5101.93 4820.85 4512.06 4175.90 3827.04 3512.19 3315.73 3314.42 3497.94 3776.56 4065.48 4319.56 4520.96 4663.86 4750.10 4788.16 4788.45 4754.92 4677.72 4532.24 4285.21 3903.13 3360.81 2655.04 1857.34 1365.49 1778.60
3604.71 3760.75 3757.10 3600.63 3318.28 2974.37 2696.90 2623.06 2723.85 2822.29 2813.63 2736.56 2696.63 2730.39 2777.43 2792.37 2811.04 2901.14 3058.64 3196.52 3228.74 3124.19 2911.94 2673.07 2521.13 2562.32 2838.57 3292.29 3819.65 4336.72 4796.48 5176.04 5464.93 5659.52 5759.96 5770.36 5699.40 5561.37 5375.01 5161.60 4939.91 4721.06 4507.13 4296.53 4095.55 3928.83 3836.66 3851.93 3972.31 4161.30 4375.09 4581.40 4761.11 4903.46 5002.72 5056.75 5063.80 5018.26 4906.95 4708.25 4394.40 3935.03 3299.87 2460.37 1388.83 68.38 1272.34
3811.76 3842.42 3727.94 3448.41 2998.89 2416.84 1879.22 1782.95 2090.19 2311.22 2271.55 2096.96 2096.63 2368.34 2703.98 2967.63 3150.34 3282.02 3368.73 3379.67 3276.71 3051.69 2755.56 2508.59 2450.41 2627.29 2979.72 3424.53 3893.72 4340.98 4737.78 5067.49 5319.60 5485.65 5561.37 5546.49 5447.71 5280.55 5069.79 4847.69 4646.28 4486.08 4368.50 4280.95 4211.31 4160.22 4141.92 4172.43 4256.89 4386.32 4544.44 4714.20 4879.97 5027.28 5143.31 5217.03 5238.33 5195.91 5075.62 4859.65 4527.61 4059.42 3440.28 2671.68 1822.69 1292.70 1718.50
3970.37 3891.87 3690.46 3327.23 2762.69 1963.18 957.31 799.80 1583.59 1926.45 1764.70 1264.18 1232.96 1922.40 2581.80 3051.68 3349.41 3510.22 3552.21 3468.44 3241.04 2865.24 2391.29 2003.33 1998.45 2379.95 2892.71 3396.91 3853.68 4256.53 4604.70 4894.14 5116.11 5258.63 5311.27 5268.54 5132.99 4919.73 4659.70 4400.76 4198.20 4089.95 4073.89 4114.03 4169.44 4216.76 4254.34 4293.40 4348.70 4431.93 4548.45 4695.35 4860.63 5025.57 5169.48 5273.12 5320.38 5297.20 5190.05 4986.05 4674.37 4249.59 3720.02 3125.69 2580.18 2310.24 2475.39
4041.63 3885.60 3645.06 3276.61 2733.73 1980.56 1082.21 947.21 1609.18 1882.07 1606.52 766.64 638.18 1764.33 2590.20 3148.61 3486.87 3644.41 3644.01 3488.88 3164.99 2649.33 1934.01 1166.01 1213.70 1989.54 2706.84 3271.17 3713.26 4073.33 4379.15 4639.21 4843.99 4975.05 5013.63 4946.56 4770.13 4495.05 4154.48 3815.82 3576.02 3513.10 3618.35 3806.95 3992.69 4128.86 4205.91 4238.68 4255.57 4290.27 4370.85 4508.53 4692.10 4894.08 5082.73 5230.69 5317.16 5327.04 5249.31 5076.44 4806.38 4445.95 4019.12 3577.36 3210.56 3029.65 3086.16
3992.22 3788.89 3558.81 3266.47 2877.07 2397.31 1969.00 1894.55 2119.18 2218.56 1995.75 1575.82 1578.87 2186.03 2836.55 3320.84 3611.78 3723.36 3672.42 3467.48 3101.56 2546.84 1755.33 692.96 797.55 1835.85 2593.13 3119.85 3492.41 3783.96 4045.06 4289.32 4496.93 4635.80 4675.80 4596.04 4384.52 4041.14 3589.80 3108.50 2764.31 2744.40 3025.13 3404.47 3730.82 3944.05 4038.64 4039.29 3992.30 3959.21 3999.74 4142.85 4371.01 4636.81 4891.39 5098.77 5235.87 5288.92 5249.94 5116.21 4891.63 4590.43 4241.88 3894.66 3613.78 3460.78 3458.46
3791.31 3553.77 3369.78 3210.33 3033.63 2834.87 2681.79 2663.31 2741.09 2761.86 2644.49 2489.17 2529.74 2835.76 3229.54 3549.87 3729.85 3756.61 3640.32 3399.68 3048.60 2588.16 2028.88 1528.41 1574.44 2105.99 2617.85 2967.14 3188.35 3369.02 3581.59 3833.05 4074.14 4245.99 4307.87 4234.88 4009.05 3615.16 3049.28 2355.50 1761.19 1795.91 2382.71 3001.09 3459.55 3723.17 3803.50 3735.69 3582.13 3440.28 3424.08 3593.54 3906.38 4270.78 4612.95 4891.39 5086.01 5186.74 5189.31 5094.12 4907.56 4645.87 4338.03 4028.11 3769.88 3611.56 3572.40
3415.51 3128.31 3009.99 3024.58 3083.62 3131.85 3175.08 3236.94 3302.78 3324.30 3283.39 3236.15 3274.91 3426.69 3624.14 3774.97 3818.65 3733.40 3529.00 3241.81 2922.46 2611.93 2339.10 2176.14 2234.88 2468.98 2688.94 2782.98 2773.82 2790.51 2961.73 3269.13 3587.19 3817.26 3917.78 3873.46 3668.98 3279.04 2671.26 1812.10 715.00 875.20 1941.71 2741.77 3264.58 3528.33 3556.82 3382.95 3068.10 2743.42 2630.71 2869.42 3333.20 3834.15 4276.44 4627.71 4878.67 5026.04 5068.33 5006.41 4845.88 4600.20 4294.63 3969.82 3681.19 3487.73 3423.65
2867.12 2467.45 2426.80 2677.33 3002.07 3279.95 3490.14 3645.25 3751.13 3803.27 3809.70 3803.13 3823.10 3879.48 3938.92 3947.13 3856.93 3644.37 3319.05 2938.17 2609.47 2434.86 2414.97 2487.23 2607.44 2716.43 2720.75 2551.87 2238.10 2000.45 2166.71 2631.48 3074.61 3368.17 3504.90 3502.63 3359.73 3051.13 2546.93 1839.52 1078.64 1192.33 2020.99 2732.23 3196.75 3401.23 3351.10 3057.17 2545.30 1922.10 1603.24 2031.35 2742.95 3392.01 3918.40 4326.56 4624.01 4812.45 4890.61 4857.15 4713.06 4464.69 4128.92 3740.77 3364.13 3093.46 3010.91
2228.70 1547.25 1615.92 2237.07 2855.47 3335.78 3681.76 3920.93 4075.36 4160.52 4193.74 4197.48 4192.54 4182.12 4146.06 4046.52 3843.28 3505.83 3029.68 2470.87 2019.56 1954.86 2223.26 2540.50 2767.09 2847.86 2729.32 2355.74 1702.65 971.50 1270.63 2060.72 2616.87 2919.40 3050.76 3085.53 3035.46 2866.82 2564.37 2179.38 1893.24 1989.93 2431.07 2907.17 3234.40 3345.28 3217.61 2841.63 2201.83 1271.02 325.09 1376.37 2311.13 3016.82 3564.31 3996.44 4325.71 4549.34 4661.29 4655.59 4526.61 4269.88 3887.35 3398.06 2863.81 2435.89 2332.81
1820.47 567.43 877.21 1962.43 2779.06 3375.47 3800.90 4094.06 4283.42 4389.99 4432.48 4430.36 4398.26 4339.77 4241.21 4073.59 3797.39 3370.72 2759.37 1958.34 1132.33 1186.03 1905.36 2482.84 2824.16 2929.71 2784.86 2355.96 1608.13 615.04 1005.00 1836.61 2303.65 2474.10 2508.86 2562.21 2632.19 2622.07 2512.19 2382.49 2351.82 2503.49 2801.05 3109.22 3306.52 3325.56 3142.43 2756.77 2177.11 1444.28 966.77 1471.20 2150.38 2713.80 3198.26 3625.72 3979.28 4236.37 4383.71 4412.03 4309.07 4058.38 3643.20 3053.47 2307.85 1556.57 1396.68
2067.88 1248.04 1366.42 2139.81 2867.94 3443.48 3875.03 4182.89 4385.18 4496.60 4533.30 4512.59 4450.64 4356.22 4224.20 4031.76 3740.33 3302.16 2668.26 1796.39 690.45 839.29 1819.52 2486.34 2871.63 3009.58 2913.01 2587.19 2082.79 1642.00 1693.34 2011.87 2150.24 2016.02 1801.93 1869.29 2126.22 2256.09 2251.82 2280.91 2443.11 2708.10 3000.22 3236.96 3347.80 3291.56 3063.89 2699.01 2265.59 1868.01 1680.98 1802.41 2058.60 2362.61 2753.64 3189.26 3578.27 3871.32 4057.19 4131.32 4077.87 3869.85 3476.02 2865.15 2007.70 874.71 515.76
2672.88 2199.75 2187.16 2561.19 3051.32 3512.66 3897.63 4191.04 4388.15 4490.26 4506.42 4453.64 4354.69 4229.72 4086.81 3912.04 3669.06 3311.44 2805.43 2170.53 1612.43 1630.98 2125.98 2606.28 2926.46 3074.70 3056.92 2889.11 2630.19 2411.51 2343.80 2326.37 2136.16 1626.52 875.95 1044.07 1638.45 1807.07 1722.34 1828.83 2229.74 2677.80 3040.71 3268.79 3330.23 3207.45 2913.48 2517.07 2153.44 1950.87 1895.15 1859.81 1765.69 1786.46 2161.22 2686.16 3131.12 3452.05 3673.20 3808.10 3837.13 3721.78 3425.88 2927.07 2237.67 1505.46 1365.13
3223.51 2859.90 2752.71 2887.54 3168.78 3506.11 3835.76 4110.84 4298.97 4384.26 4366.98 4265.10 4112.27 3949.81 3809.10 3688.66 3549.50 3339.93 3032.08 2663.82 2371.70 2320.50 2489.61 2720.58 2920.09 3061.04 3127.27 3109.01 3024.78 2919.76 2815.68 2651.54 2306.18 1671.46 787.99 937.63 1483.95 1444.83 921.80 1074.85 1894.29 2548.58 2990.58 3231.31 3265.60 3081.45 2684.28 2140.44 1675.55 1615.98 1767.63 1708.17 1271.60 842.92 1492.77 2207.37 2673.30 2971.54 3210.17 3425.88 3577.46 3604.09 3466.93 3165.58 2757.47 2405.31 2356.45
3593.47 3226.07 3008.47 2967.00 3093.47 3346.89 3654.93 3936.48 4129.61 4199.29 4138.40 3965.29 3727.69 3500.64 3360.33 3326.64 3339.87 3315.36 3206.26 3026.21 2840.73 2716.48 2666.45 2673.42 2745.61 2888.05 3055.13 3182.24 3236.98 3221.07 3135.95 2955.02 2635.00 2175.28 1747.86 1683.27 1759.65 1490.99 755.62 898.61 1797.13 2464.54 2913.34 3159.56 3188.35 2971.67 2483.60 1717.92 808.75 990.71 1573.44 1652.95 1170.47 502.60 1289.72 1931.17 2237.74 2397.16 2627.97 2968.07 3293.26 3497.29 3541.60 3443.30 3268.06 3127.02 3129.44
3779.91 3338.52 2970.86 2748.13 2750.71 2986.18 3342.95 3680.62 3904.63 3969.08 3859.94 3592.46 3222.21 2869.25 2705.76 2801.18 3024.96 3212.38 3283.01 3228.71 3077.35 2860.49 2604.98 2373.36 2306.84 2496.15 2819.58 3110.09 3291.67 3357.04 3318.56 3185.34 2964.78 2692.26 2458.14 2334.29 2218.85 1946.14 1591.39 1586.51 1970.89 2421.48 2807.87 3064.80 3127.97 2945.79 2483.62 1731.70 826.74 1029.69 1669.01 1869.21 1695.56 1518.40 1696.46 1883.82 1812.99 1651.31 1881.85 2460.29 3014.39 3402.12 3609.48 3673.37 3658.88 3643.39 3687.22
3834.41 3275.81 2703.52 2230.54 2099.10 2420.76 2933.29 3384.55 3666.19 3738.87 3588.61 3219.47 2667.56 2071.11 1808.86 2133.43 2655.59 3070.16 3293.92 3323.48 3173.45 2855.38 2380.44 1822.93 1533.21 1893.53 2480.64 2949.71 3234.78 3356.59 3356.86 3278.64 3157.16 3022.20 2900.27 2789.46 2637.62 2395.93 2120.45 1961.01 2005.41 2249.83 2610.80 2933.21 3090.03 3016.89 2705.12 2220.45 1800.24 1803.14 2064.35 2212.63 2192.28 2131.40 2100.50 1951.01 1478.06 679.65 1078.97 2073.64 2833.55 3347.75 3658.09 3821.77 3903.70 3964.31 4043.71
3838.08 3165.44 2368.53 1509.21 1115.70 1760.85 2540.17 3122.64 3463.69 3554.88 3388.07 2955.71 2250.79 1294.91 645.70 1530.14 2390.78 2980.87 3305.41 3383.63 3229.58 2843.21 2206.71 1292.06 374.07 1342.78 2222.23 2800.08 3119.11 3239.65 3235.61 3184.02 3141.25 3121.74 3104.08 3049.19 2912.32 2665.89 2321.19 1933.44 1655.08 1787.95 2279.95 2768.43 3070.89 3141.88 3003.26 2738.34 2495.99 2405.70 2433.81 2467.09 2466.08 2444.68 2372.19 2136.03 1611.22 893.36 1207.57 2117.23 2851.59 3361.95 3684.27 3875.28 3995.40 4096.28 4208.30
3871.82 3154.22 2261.19 1165.16 325.56 1456.54 2347.53 2965.37 3328.47 3440.29 3296.62 2890.78 2222.55 1331.73 783.49 1580.64 2427.92 3029.24 3371.51 3463.75 3315.81 2932.40 2317.61 1515.64 964.86 1514.99 2238.83 2735.63 2981.78 3019.80 2938.70 2861.92 2883.52 2992.87 3105.01 3138.38 3041.12 2783.48 2344.05 1696.45 898.05 1037.24 1934.15 2642.23 3086.30 3280.82 3268.20 3117.32 2914.63 2728.40 2580.58 2482.32 2460.44 2502.53 2521.89 2412.04 2143.27 1899.67 2051.46 2542.04 3047.29 3427.38 3671.10 3818.79 3926.57 4041.49 4184.98
